0.8153760597600355	1.0	0.001	-6.375769173879324e-7	6.274221250637371e-10	-7.241901568747503e-13	9.120079651602409e-16	-1.0769865321170376e-19	1.452828645785776e-18	-3.3355724600744166e-18	1.5930537838094385e-18	-9.052265789044132e-19	1.311090085407635e-18	-1.1113081281145905e-18	-1.4043478608996104e-18	2.0101537791670817e-18	2.8684839984163863e-18	-3.0853460265361645e-18
0.8153700980957771	1.0	0.004289999999999881	-1.1734311668251582e-5	4.9539738004477696e-8	-2.453064251281462e-10	1.3116778425220285e-12	-7.302929684741178e-15	3.803672054932447e-17	-2.0180200739273053e-18	3.8403280248021533e-19	-7.941969531792708e-18	1.9381058548048285e-18	1.7199384942049967e-18	-1.12844980587558e-18	-4.932312057954509e-18	2.1070707041969896e-18	-4.187546569313069e-18
0.8153567186789777	1.0	0.00758000000000071	-3.6635733926119617e-5	2.732994997248596e-7	-2.3912951888915524e-9	2.2594014571339336e-11	-2.2233558310758756e-13	2.2310890661520125e-15	-2.1981878705876485e-17	4.4190581569129454e-18	-6.4545635395849636e-18	5.916040833013712e-19	-1.86230597170629e-18	1.0185113672212291e-19	4.3225270097900194e-19	1.3373517978892245e-18	-2.5151353032662198e-18
0.8153359162172761	1.0	0.010870000000000307	-7.534631794365397e-5	8.061143361720892e-7	-1.0115646947282275e-8	1.370751031251297e-10	-1.9345764029485923e-12	2.78760497986714e-14	-4.090767267333864e-16	1.0202819286231971e-17	2.422824911750645e-19	9.469082964051392e-18	4.448637336062254e-18	2.061860036618321e-19	8.37571837792869e-19	4.269799847749117e-18	-1.5721292786027422e-18
0.8153076824741362	1.0	0.014160000000000337	-0.00012787302474800988	1.7823869610813854e-6	-2.9140041722784445e-8	5.144570320122398e-10	-9.459580861035721e-12	1.775866882510778e-13	-3.354361457794174e-15	5.836630086299073e-17	-3.269328994994899e-18	-5.122293759822874e-19	1.4439163575875129e-18	-3.4366674940664318e-18	5.544036027589793e-18	4.556040352124196e-18	-1.1564396823013705e-18
0.8152720062552764	1.0	0.017449999999999816	-0.00019422531065465306	3.3368003691997926e-6	-6.723929629212208e-8	1.4631557198399146e-9	-3.316104251335959e-11	7.67299738933788e-13	-1.78866554845492e-14	4.1969829653658124e-16	-7.286370032980288e-18	-2.94696083984853e-19	-1.7982190392226757e-19	2.0424282977946306e-18	-1.322733905753959e-18	-2.8761605936832304e-18	-7.08619980865656e-18
0.8152288733901847	1.0	0.02073999999999961	-0.00027441513886044037	5.604403593940852e-6	-1.3425281605881794e-7	3.4729321679920756e-9	-9.3571746466928e-11	2.573958182007391e-12	-7.132199217513615e-14	1.9815156620745546e-15	-4.2870160911782675e-17	3.3855323517877852e-18	-2.060368650934968e-18	-2.720651413646476e-18	3.0608832312616397e-18	3.745918557336098e-18	-4.165748802198607e-18
0.8151782667086206	1.0	0.0240300000000011	-0.0003684569941497496	8.720698200085207e-6	-2.420991228788946e-7	7.258038550715859e-9	-2.2663506767437611e-10	7.225232142769052e-12	-2.3205364170631564e-13	7.426216582226816e-15	-2.403435485072433e-16	9.994488915912903e-18	-7.403509740672766e-19	-8.417076169488835e-19	-7.152149493388653e-19	-3.7360503898219174e-19	-3.0262375456952312e-18
0.8151201660120657	1.0	0.027319999999999404	-0.0004763679007621428	1.2821725689179126e-5	-4.0479350238697914e-7	1.3801002889712596e-8	-4.900910189396938e-10	1.7769239533383615e-11	-6.49066057934819e-13	2.3631617757675882e-14	-8.589544349761456e-16	2.6143482266715162e-17	4.234678734636462e-18	-3.239479769579676e-19	-5.050279307452588e-19	5.130739209862127e-18	-3.5635730312803896e-18
0.8150545480399969	1.0	0.030610000000000328	-0.0005981674434792013	1.804415599825146e-5	-6.384688270668802e-7	2.439717917812494e-8	-9.71038925870969e-10	3.946117075723057e-11	-1.6156339996848799e-12	6.59338441861829e-14	-2.6615742328478936e-15	9.725634513095978e-17	-3.447645100987964e-18	5.064249625776535e-18	-1.3938671450843752e-18	-2.932298382046526e-18	-6.849929607266648e-18
0.8149813864308547	1.0	0.03389999999999969	-0.000733877791997487	2.4525377278083408e-5	-9.613996207841352e-7	4.0700194385429984e-8	-1.794713607370713e-9	8.080560180718805e-11	-3.665598047448319e-12	1.6572328135915124e-13	-7.39160164882373e-15	3.1368838307424215e-16	-1.2877353954428035e-17	-3.305582698353076e-18	1.0270442017310614e-18	1.891926676445675e-18	-3.89063817982485e-18
0.8149006516775817	1.0	0.03719000000000044	-0.0008835237286676608	3.2403587142672644e-5	-1.3940294407595605e-6	6.476842641209444e-8	-3.1345184739453224e-9	1.5489541655066496e-10	-7.7122378433772e-12	3.827237227935952e-13	-1.8726326245344856e-14	8.91695887645863e-16	-4.0711063707090625e-17	9.249904191722207e-20	2.517829983746397e-19	2.5771569750563513e-18	-4.890869970690948e-19
0.814812311077516	1.0	0.04048000000000019	-0.0010471326796918194	4.1817885588015026e-5	-1.959001664710305e-6	9.911265362021528e-8	-5.223364809014179e-9	2.8109014636965055e-10	-1.524169830843583e-11	8.237727197231591e-13	-4.389641167825866e-14	2.2751291280761593e-15	-1.0582892843114668e-16	6.4701409634661674e-18	1.0268068658021416e-18	1.7174698544595105e-18	-4.908318836941336e-18
0.8147163286765257	1.0	0.04376999999999993	-0.001224734749880241	5.290836978599017e-5	-2.681193782511843e-6	1.4674502042739258e-7	-8.366374118422644e-9	4.870798081186847e-10	-2.8574279173483226e-11	1.6709383444309013e-12	-9.63494896279088e-14	5.407188417372414e-15	-2.9115855030288285e-16	1.4779062233487786e-17	2.8434086819845204e-19	6.143523411503456e-18	-3.1946656543063526e-18
0.814612665207096	1.0	0.04706000000000014	-0.0014163627610851103	6.581623096812857e-5	-3.5877553038065977e-6	2.1122947121816067e-7	-1.2955006809785674e-8	8.113827607850497e-10	-5.1209154010319866e-11	3.221897365692588e-12	-1.9989876782988262e-13	1.2058076246830708e-14	-6.9022578148455e-16	3.198853396313785e-17	-4.7942146221550774e-18	-3.658305441775124e-19	-3.0419594042194095e-18
0.8145012780201734	1.0	0.05035000000000068	-0.0016220522944403772	8.068385362211025e-5	-4.708149406055892e-6	2.967338112018999e-7	-1.948268825397742e-8	1.3063301144480095e-9	-8.827010061056267e-11	5.946333456493603e-12	-3.950483540138023e-13	2.5537629630898582e-14	-1.573741269233463e-15	8.43081073672782e-17	-6.92246402050166e-18	2.576567465118562e-18	-4.507278538286676e-18
0.8143821210104947	1.0	0.05364000000000005	-0.001841841736551137	9.76549172374198e-5	-6.0741984614356016e-6	4.0808356096775217e-7	-2.8562011791082538e-8	2.041592499593762e-9	-1.4707210834254344e-10	1.0563345667311877e-11	-7.483289355938972e-13	5.15822621712114e-14	-3.391412570191068e-15	2.0503831992050847e-16	-2.15149022755625e-17	5.033112888266014e-18	-8.254724804644276e-18
0.8142551445350955	1.0	0.05692999999999987	-0.002075772329793976	0.00011687450084561531	-7.720133595485329e-6	5.508177804353519e-7	-4.094360605928443e-8	3.108309852857236e-9	-2.378315520146818e-10	1.814517677026688e-11	-1.3656087849044052e-12	1.0002739236051714e-13	-6.982932932089822e-15	4.460525132839922e-16	-2.185188596908985e-17	2.995701488104045e-18	-3.236900491201045e-18
0.8141202953246842	1.0	0.06021999999999963	-0.002323888226900576	0.00013848919061609606	-9.682648446273883e-6	7.312470480665417e-7	-5.753676413828053e-8	4.623889602142028e-9	-3.7454484508341796e-10	3.025416423330446e-11	-2.4109971321983713e-12	1.870329097780634e-13	-1.3848042764152705e-14	9.342064556401962e-16	-5.214946243032847e-17	1.010796782535707e-17	-7.212556623686843e-18
0.8139775163875089	1.0	0.06351000000000027	-0.002586236550022723	0.0001626471907827083	-1.2000957309065082e-5	9.565137916524485e-7	-7.943194115283087e-8	6.737543852963738e-9	-5.760647138730993e-10	4.912090168498747e-11	-4.132871681196804e-12	3.3858623718720524e-13	-2.646936897684527e-14	1.900928194712128e-15	-1.174072942281559e-16	7.482822180701654e-18	-2.698304524983676e-18
0.8138267469053376	1.0	0.06679999999999957	-0.0028628674544850913	0.00018949843819184776	-1.4716857870336405e-5	1.2346551798349483e-6	-1.0792523867937037e-7	9.636642500779738e-9	-8.674053155575372e-10	7.787290691166187e-11	-6.899301308137151e-12	5.953253574811174e-13	-4.9030971600411346e-14	3.71254363314242e-15	-2.3027832801893398e-16	7.516441814631809e-18	-1.621689176354432e-18
0.813667922121108	1.0	0.07008999999999938	-0.0031538341974656024	0.00021919472078350794	-1.7874798752942334e-5	1.5746687965309832e-6	-1.4454500475004123e-7	1.3553965591252104e-8	-1.2813126310604823e-9	1.208249295161738e-10	-1.1245509504747744e-11	1.0196326214370276e-12	-8.827651813440103e-14	7.022064128359283e-15	-4.603886194251591e-16	1.5554050621267812e-17	-1.1724192096575309e-18
0.8135009732177743	1.0	0.07337999999999939	-0.003459193211850529	0.0002518898003333018	-2.152195211699095e-5	1.986581335537584e-6	-1.910806920063164e-7	1.8775946356858208e-8	-1.8601398472671616e-9	1.8384364592407553e-10	-1.7936709558166978e-11	1.7052623696798165e-12	-1.548909026411661e-13	1.2946962297079945e-14	-9.078676251149894e-16	3.977630862941683e-17	3.922333554495117e-18
0.8133258271878137	1.0	0.07666999999999972	-0.003779004185548767	0.0002877395398089815	-2.5708291581466903e-5	2.4815205691494783e-6	-2.496141297564009e-7	2.5652003767937124e-8	-2.6580729490844593e-9	2.748023169970113e-10	-2.8050313873032454e-11	2.790775941500173e-12	-2.653912594788978e-13	2.3247072293098526e-14	-1.715346412526616e-15	7.13017255366627e-17	8.445632669429707e-18
0.8131424066928566	1.0	0.0799599999999994	-0.004113330146566525	0.00032690203571764754	-3.0486675758143428e-5	3.071790862549952e-6	-3.2255338029916983e-7	3.4605073342890244e-8	-3.74375657374597e-9	4.041419096528437e-10	-4.308237283471814e-11	4.477742124412642e-12	-4.4505311529883117e-13	4.0798615892251045e-14	-3.1492665359310734e-15	1.3797598150374247e-16	1.3442843253866603e-17
0.8129506299127638	1.0	0.0832500000000003	-0.004462237554175732	0.000369537755846481	-3.591293771393614e-5	3.7709525258866817e-6	-4.1266936718072436e-7	4.614345488079059e-8	-5.20337641829912e-9	5.855598984607768e-10	-6.508413619562137e-11	7.055050780931579e-12	-7.31736611720522e-13	7.006874491885898e-14	-5.6694846613732174e-15	2.58825420521413e-16	4.2781756614040277e-17
0.8127504103835099	1.0	0.08653999999999912	-0.004825796396539472	0.000415809682831413	-4.204598070856616e-5	4.593905318075841e-6	-5.231354794856997e-7	6.087410764344314e-8	-7.144261241135102e-9	8.368495919847872e-10	-9.683585815096796e-11	1.0931438827017365e-11	-1.1813701281216123e-12	1.1802396667280454e-13	-1.0011786399451254e-14	4.904805286160874e-16	6.724237375918712e-17
0.8125416568230787	1.0	0.08982999999999901	-0.005204080295192923	0.0004658834640203787	-4.8947880585294764e-5	5.556976441096017e-6	-6.575703779470239e-7	7.95175350552528e-8	-9.699074492525012e-9	1.1809168967934411e-9	-1.4206624486230923e-10	1.6678238024773676e-11	-1.875525289067571e-12	1.9519014057953791e-13	-1.7281647241552756e-14	8.965047212804646e-16	1.4448440684282592e-16
0.8123242729445824	1.0	0.09312000000000019	-0.005597166616808782	0.0005199275681313596	-5.668399522616478e-5	6.678013389319106e-6	-8.200842470492361e-7	1.029244163778259e-7	-1.3030674642998903e-8	1.6470061157987687e-9	-2.0572748752766203e-10	2.508511314903657e-11	-2.9315891180991403e-12	3.174610599318899e-13	-2.934467719394383e-14	1.6143210102670748e-15	2.676098764721163e-16
0.8120981572556695	1.0	0.0964100000000004	-0.006005136592726725	0.0005781134492507345	-6.532308152310559e-5	7.976482050777858e-6	-1.0153287646850445e-6	1.320941577703643e-7	-1.733773198541094e-8	2.2721698171538742e-9	-2.943384955119443e-10	3.723257613019286e-11	-4.5167039302584855e-12	5.083557045168961e-13	-4.901338476599773e-14	2.877406358293303e-15	4.566748844103526e-16
0.8118632028432404	1.0	0.09970000000000002	-0.006428075446760234	0.0006406157187568926	-7.493742035511854e-5	9.473570486606178e-6	-1.248551083770911e-6	1.6819555217885095e-7	-2.2861200628452872e-8	3.103024559582132e-9	-4.1640950797577e-10	5.458491476985462e-11	-6.8661029003082e-12	8.023231906381757e-13	-8.059903766570094e-14	5.02093866738162e-15	7.703538772281727e-16
0.8116192971423906	1.0	0.10299000000000018	-0.006866072531852492	0.0007076123258065479	-8.56029501102375e-5	1.1192298854946987e-5	-1.5256521504275493e-6	2.1258975802083476e-7	-2.9891755911808666e-8	4.197839051328066e-9	-5.829661054344217e-10	7.910935128355327e-11	-1.0307839364363984e-11	1.2493242105239943e-12	-1.306623910133826e-13	8.64701606846231e-15	1.232048494310003e-15
0.8113663216883592	1.0	0.10627999999999972	-0.00731922147619534	0.0007792847470724494	-9.739940933885958e-5	1.3157635983675448e-5	-1.8532497156289052e-6	2.668558268482525e-7	-3.8778321165224534e-8	5.629009313150214e-9	-8.081918719360792e-10	1.1342735893408226e-10	-1.5295003206189003e-11	1.9209591390738664e-12	-2.0891776756515009e-13	1.4620245432865263e-14	1.9910787860397224e-15
0.8111041518501875	1.0	0.10956999999999965	-0.007787620339498598	0.0008558181864849546	-0.00011041048918178176	1.539662314200752e-5	-2.2387464307697322e-6	3.328190358953565e-7	-4.9937821939835815e-8	7.485982553814029e-9	-1.1102129711190728e-9	1.6100591867590544e-10	-2.244831353105805e-11	2.9190291806521072e-12	-3.2984404711138973e-13	2.4412132331017977e-14	3.141125148692114e-15
0.8108326565446323	1.0	0.11286000000000011	-0.008271371780148817	0.0009374017857926552	-0.00012472399627685824	1.7938505610836002e-5	-2.6904034581777864e-6	4.1258230666509515e-7	-6.386632344370636e-8	9.878701124131272e-9	-1.512053279929626e-9	2.2639813248402447e-10	-3.261131690459754e-11	4.386921825604012e-12	-5.146522779172236e-13	4.0246282637525355e-14	4.811669635405731e-15
0.8105516979287302	1.0	0.1161500000000001	-0.008770583234081421	0.0010242288468360746	-0.00014043202691744558	2.081487270712261e-5	-3.217420070592923e-6	5.085610225619554e-7	-8.115172532685025e-8	1.2941648065754845e-8	-2.042791480795221e-9	3.1554450057482e-10	-4.6921786223960845e-11	6.5248461725946475e-12	-7.940732355560106e-13	6.548016278882208e-14	7.21041798551424e-15
0.8102611310692552	1.0	0.11943999999999991	-0.009285367106262052	0.001116497066506201	-0.00015763115330879517	2.405980697834926e-5	-3.830019760828247e-6	6.235215914064073e-7	-1.024882096076627e-7	1.6838587038332807e-8	-2.738958931253419e-9	4.361482165834972e-10	-6.690390337038149e-11	9.610432503865325e-12	-1.2124290339860913e-12	1.0532093656016982e-13	1.0536219628414122e-14
0.8099608035871382	1.0	0.12273000000000041	-0.009815840975766843	0.0012144087854562735	-0.00017642262285389978	2.7710043352758375e-5	-4.53954343837185e-6	7.606241367078644e-7	-1.2869266213454956e-7	2.1768104743213823e-8	-3.6462232177341543e-9	5.981417110974634e-10	-9.458648422927762e-11	1.4025651543937457e-11	-1.8329278230957316e-12	1.6747198498644397e-13	1.5125401582321566e-14
0.8096505552746756	1.0	0.12602000000000096	-0.010362127815553663	0.0013181712517343004	-0.0001969125714934382	3.180513910745567e-5	-5.35855034855749e-6	9.234697445824884e-7	-1.6072331428991434e-7	2.7970077298411606e-8	-4.8214093483829095e-9	8.142631836718872e-10	-1.3265345457652676e-10	2.0292650588734524e-11	-2.745254538151335e-12	2.6353803557396445e-13	2.1094371374057744e-14
0.8093302176831652	1.0	0.12930999999999998	-0.010924356228122892	0.0014279969006210965	-0.00021921225222645688	3.638765560109215e-5	-6.300927417350912e-6	1.1161527409245812e-6	-1.9970088408116873e-7	3.5733201503740097e-8	-6.334921059202317e-9	1.1007681098112502e-9	-1.8463560316341198e-10	2.9120652136022356e-11	-4.075585541868131e-12	4.105759592128876e-13	2.8536912921925374e-14
0.8089996136783186	1.0	0.13260000000000013	-0.011502660698399036	0.0015441036520864645	-0.00024343828005731898	4.150335281616771e-5	-7.382007800999403e-6	1.3433185278978224e-6	-2.4693253064326744e-7	4.5403752455634594e-8	-8.273633713092976e-9	1.4783035134609194e-9	-2.5515313891199204e-10	4.146726099354118e-11	-6.000390375709449e-12	6.336648771903569e-13	3.718169253713069e-14
0.8086585569605372	1.0	0.1358900000000008	-0.012097181865295703	0.0016667152274180664	-0.0002697128947406855	4.720139786004114e-5	-8.618699502534378e-6	1.610227568249279e-6	-3.039389751577474e-7	5.7395751193185455e-8	-1.074434339760784e-8	1.9729797182273333e-9	-3.5022166149334246e-10	5.861810439028545e-11	-8.764639222403508e-12	9.691221357149863e-13	4.624403915128705e-14
0.8083068515467733	1.0	0.13917999999999975	-0.012708066813593401	0.0017960614867453112	-0.00029816424284575594	5.3534588698014395e-5	-1.0029625014636065e-5	1.9228261777892035e-6	-3.724851893518332e-7	7.220275554548759e-8	-1.38778716359324e-8	2.617680740448944e-9	-4.776372230073691e-10	8.229045649054862e-11	-1.2706941357689953e-11	1.4697163736652535e-12	5.363977097441849e-14
0.8079442912103645	1.0	0.14247000000000026	-0.013335469387933984	0.001932378789354522	-0.0003289266808212896	6.0559594525844355e-5	-1.1635273053486602e-5	2.287824861274958e-6	-4.5461510222789014e-7	9.041151655381428e-8	-1.783394114879727e-8	3.4536624818525307e-9	-6.474590351651756e-10	1.1476651494089303e-10	-1.8292066770809235e-11	2.21083413489786e-12	5.548397863360071e-14
0.8075706588747887	1.0	0.14576000000000017	-0.013979550530931743	0.002075910378905533	-0.0003621411009295082	6.833721434310133e-5	-1.3458163570734244e-5	2.7127850175896906e-6	-5.526908369778065e-7	1.127177806450269e-7	-2.280695825164235e-8	4.532497903538112e-9	-8.726131280922882e-10	1.590654399635748e-10	-2.6155268228027624e-11	3.300384978659814e-12	4.4363394462574076e-14
0.8071857259568238	1.0	0.14904999999999927	-0.014640478647634106	0.002226906795885272	-0.0003979552821237544	7.693265546193507e-5	-1.5523027367084754e-5	3.20621494019859e-6	-6.694370578297851e-7	1.3994455906040442e-7	-2.9032861537823422e-8	5.918439534387779e-9	-1.1696451781247328e-9	2.1916368985109365e-10	-3.715983487299827e-11	4.890865400333011e-12	7.967353193595211e-15
0.8067892516540301	1.0	0.15234000000000011	-0.015318429998820585	0.002385626319901475	-0.0004365242681807379	8.641583388262668e-5	-1.785700178621628e-5	3.777676152606389e-6	-8.07991083732026e-7	1.7306323423486087e-7	-3.67972218584537e-8	7.691283860725462e-9	-1.5596574160463007e-9	3.0027717648299685e-10	-5.24740820909246e-11	7.197658416467683e-12	-7.473360187247096e-14
0.8063809821708982	1.0	0.15563000000000035	-0.016013589125912955	0.0025523354447159097	-0.0004780107756651875	9.686169868945741e-5	-2.04898441453456e-5	4.437901251419605e-6	-9.71959517767904e-7	2.1321793077181624e-7	-4.64448136649296e-8	9.949838968159867e-9	-2.069472003986163e-9	4.092210774407942e-10	-7.367173549145714e-11	1.0522582920593905e-11	-2.3753143737010313e-13
0.8059606498772642	1.0	0.15892000000000026	-0.016726149310612254	0.002727309389254561	-0.0005225856346053667	0.00010835058287367798	-2.3454164758157613e-5	5.198924575968281e-6	-1.165482240865164e-6	2.6175364096021126e-7	-5.839091154554637e-8	1.2816115355363317e-8	-2.7330728126231017e-9	5.548680237297637e-10	-1.0286419968053796e-10	1.5286954623700146e-11	-5.342284954428806e-13
0.8055279723918025	1.0	0.1622100000000006	-0.01745631307274716	0.002910832648222712	-0.0005704282651082917	0.00012096858328049916	-2.678568163746192e-5	6.074227198520489e-6	-1.393304741790493e-6	3.2024867506795865e-7	-7.313461479109896e-8	1.6440385585758148e-8	-3.5933889301307753e-9	7.487294889303394e-10	-1.428726426882221e-10	2.2075651266517538e-11	-1.0483477757598466e-12
0.8050826515824906	1.0	0.165500000000001	-0.018204292710254737	0.0031031995863904523	-0.0006217271935309807	0.00013480797270457924	-3.0523499225677804e-5	7.078897922583418e-6	-1.6608598889925124e-6	3.9055209162876836e-7	-9.127455149438766e-8	2.1007284804250195e-8	-4.704497827310933e-9	1.0056931308958626e-9	-1.9745332478636962e-10	3.1697606991612375e-11	-1.9082405851563775e-12
0.8046243724748506	1.0	0.16879000000000025	-0.01897031088571138	0.00330471508112356	-0.0006766806122809225	0.00014996764753896162	-3.471041380432349e-5	8.229812205750278e-6	-1.974360412276677e-6	4.748268693389173e-7	-1.1352737853876598e-7	2.6743160024361337e-8	-6.1343425085227096e-9	1.3449549649550108e-9	-2.7158989388442487e-10	4.5266628877112744e-11	-3.3082038425790862e-12
0.8041528020575653	1.0	0.17207999999999976	-0.019754601264400373	0.003515695218314121	-0.0007354969878335609	0.00016655361481489764	-3.9393248579349474e-5	9.545831184307016e-6	-2.340903545467623e-6	5.755997025900628e-7	-1.407495659447873e-7	3.3924915989344e-8	-7.968078905743624e-9	1.7911964344517791e-9	-3.7187278013452785e-10	6.431009229250739e-11	-5.538506245078173e-12
0.8036675879736451	1.0	0.17537000000000053	-0.020557409209555493	0.0037364680475360243	-0.0007983957221519594	0.0001846795229705132	-4.462322183912552e-5	1.1048023278571872e-5	-2.768589496690873e-6	6.95818444805125e-7	-1.739630416463318e-7	4.289065512908875e-8	-1.0312194786983303e-8	2.376068872122793e-9	-5.069913370294719e-10	9.091579317243658e-11	-9.030111701510753e-12
0.803168357083647	1.0	0.17866000000000073	-0.02137899254119271	0.003967374403025104	-0.0008656078733820774	0.00020446724126443373	-5.0456352046083684e-5	1.2759911212552113e-5	-3.2666556666136727e-6	8.389183936485955e-7	-2.1438537828849282e-7	5.405246968970688e-8	-1.3299573839317454e-8	3.1400623665589866e-9	-6.883695541675911e-10	1.2792723843106252e-10	-1.4415736409327804e-11
0.8026547138855579	1.0	0.18194999999999956	-0.022219622365804464	0.004208768797974577	-0.000937376942491675	0.00022604749341708158	-5.695390425557046e-5	1.4707747685421517e-5	-3.8456288243744805e-6	1.008898807041967e-6	-2.634653245122599e-7	6.791181407091079e-8	-1.7095716076071495e-8	4.134855203559053e-9	-9.309854961044559e-10	1.7920362805531405e-10	-2.2616305902603194e-11
0.8021262387736913	1.0	0.18523999999999965	-0.023079583985235016	0.004461020400687391	-0.0010139597334487675	0.0002495605518417661	-6.418288288447205e-5	1.6920823413703965e-5	-4.5174978002682714e-6	1.2104112749897422e-6	-3.2292463456227626e-7	8.507797522369471e-8	-2.1906375966829884e-8	5.426268186402107e-9	-1.2544313470162636e-9	2.499702436414058e-10	-3.496559212431956e-11
0.8015824861163218	1.0	0.18853000000000036	-0.02395917789423503	0.004724514102329713	-0.0010956272956129597	0.0002751569997337391	-7.221657657827551e-5	1.9431811821364748e-5	-5.295909658502471e-6	1.4488618497276233e-6	-3.9480732440966553e-7	1.0629026141872018e-7	-2.7986933988191176e-8	7.0979698492319574e-9	-1.6842728798297317e-9	3.4727845090094717e-10	-5.337858437552871e-11
0.8010229821287052	1.0	0.19181999999999952	-0.02485872087760504	0.0049996516874586715	-0.001182665958269549	0.00030299856934017745	-8.11351617765671e-5	2.227715530720507e-5	-6.196392790618424e-6	1.7305291639076788e-6	-4.815376980954554e-7	1.324446623371434e-7	-3.565389628133275e-8	9.256129342329638e-9	-2.253804684658371e-9	4.806243650206237e-10	-8.059347948522648e-11
0.8004472225144769	1.0	0.1951099999999999	-0.02577854721948103	0.005286853120161898	-0.0012753784687201594	0.0003332590659835976	-9.102637258454539e-5	2.5497498798534865e-5	-7.236610941202359e-6	2.062701163314904e-6	-5.859887416324364e-7	1.646258850092535e-7	-4.529899780558788e-8	1.2035246279288387e-8	-3.0062996388423317e-9	6.627623746502937e-10	-1.2050018357216197e-10
0.7998546698441108	1.0	0.1984000000000003	-0.02671901003924849	0.00558655796060663	-0.0013740852470801922	0.00036612538887014693	-0.00010198624573564999	2.9138177209622554e-5	-8.436652848095457e-6	2.453833548083189e-6	-7.115627935244063e-7	2.041458664915722e-7	-5.740650605588488e-8	1.5605464101213905e-8	-3.997904664242068e-9	9.107904967129262e-10	-1.7860183419864098e-10
0.7992447506339987	1.0	0.20169000000000076	-0.027680482770883554	0.00589922692912707	-0.0014791257729930161	0.00040179866144833846	-0.00011411995083384949	3.3249764512381597e-5	-9.819362986102839e-6	2.9137335836891978e-6	-8.622867748181332e-7	2.525900942014709e-7	-7.25744488387354e-8	2.0181733001214128e-8	-5.301353936366664e-9	1.2475823907292805e-9	-2.626462793801054e-10
0.7986168520835967	1.0	0.2049800000000003	-0.028663360805238864	0.006225343637728763	-0.0015908601219121687	0.0004404954861374683	-0.0001275427177264656	3.7888693420300076e-5	-1.141071986356236e-5	3.4537736215263245e-6	-1.0429247175345271e-6	3.118733569149312e-7	-9.154067240003881e-8	2.6035300644190302e-8	-7.010741054887749e-9	1.7036887552816561e-9	-3.8350092152842854e-10
0.7979703184207378	1.0	0.20826999999999957	-0.029668063318063497	0.006565416512185728	-0.0017096706715136317	0.0004824493406952566	-0.00014238087484425328	4.311795623329594e-5	-1.3240269478565922e-5	4.0871394935587675e-6	-1.2591108857315027e-6	3.8430690015505474e-7	-1.1521484056580166e-7	3.350811819124564e-8	-9.247643281539145e-9	2.3198510645996922e-9	-5.563528470070173e-10
0.7973044467964027	1.0	0.2115600000000003	-0.03069503531045189	0.00691998093184407	-0.001835964002286709	0.0005279121364300788	-0.00015877301472897243	4.9007899257566205e-5	-1.534162293945836e-5	4.829119945716944e-6	-1.5175074667313065e-6	4.726794057581865e-7	-1.4471776476232508e-7	4.3030917097564266e-8	-1.2168991103042102e-8	3.1503328032016587e-9	-8.023593970404216e-10
0.7966184826595611	1.0	0.2148499999999997	-0.03174474989312786	0.00728960161898327	-0.0019701730205362563	0.0005771559619856198	-0.00017687130583066913	5.56371254537113e-5	-1.7753028940955377e-5	5.697444489999038e-6	-1.825991641061897e-6	5.803547513010447e-7	-1.8142977942727788e-7	5.5145896567000456e-8	-1.5977173199527882e-8	4.267322603185766e-9	-1.1509045397348119e-9
0.7959116145297093	1.0	0.21813999999999986	-0.032817710851690864	0.007674875315336378	-0.00211275933710553	0.000630475040701515	-0.0001968429731342627	6.30935227011714e-5	-2.0518033855812955e-5	6.712678554684585e-6	-2.1938778812576005e-6	7.11390199886998e-7	-2.2705032352461909e-7	7.053523994108326e-8	-2.0933041011308177e-8	5.766776825868549e-9	-1.642699226549705e-9
0.7951829680689066	1.0	0.2214299999999992	-0.03391445553686517	0.008076433790319774	-0.0022642159412678622	0.0006881879347249134	-0.00021887197438634593	7.147543838052396e-5	-2.3686244715556653e-5	7.898686643014567e-6	-2.632182602354956e-6	8.706795089263282e-7	-2.8367140938813535e-7	9.005698103300649e-8	-2.737264142477702e-8	7.776156658162973e-9	-2.3340186995092145e-9
0.7944315993356187	1.0	0.22471999999999978	-0.03503555813232634	0.008494947234070106	-0.0024250702167674435	0.0007506400353919037	-0.0002431609038648207	8.089302505789504e-5	-2.7314213464023784e-5	9.283176489902214e-6	-3.1539398902772094e-6	1.0641265306199872e-6	-3.5386836569250373e-7	1.1479018740168723e-7	-3.572878439240741e-8	1.0464694285677358e-8	-3.3025014035397893e-9
0.7936564870786406	1.0	0.2280099999999998	-0.03618163336309642	0.00893112809883561	-0.0025958873562074527	0.0008182063871642301	-0.0002699331619696971	9.146978706489954e-5	-3.146646469838563e-5	1.0898340028187447e-5	-3.774579030369819e-6	1.2988562277142011e-6	-4.408121159539249e-7	1.4609197166257896e-7	-4.65588858136724e-8	1.4057034823789421e-8	-4.655089488879787e-9
0.7928565238994628	1.0	0.23130000000000062	-0.03735334072047837	0.009385735465243364	-0.002777274241410606	0.0008912949020352749	-0.00029943543677912044	0.00010334436400236711	-3.621669389505486e-5	1.2781610518246687e-5	-4.512377082498944e-6	1.5834717557758632e-6	-5.484083895319952e-7	1.8566956039870133e-7	-6.058096795729108e-8	1.8851378560838427e-8	-6.538890788742133e-9
0.7920305060740521	1.0	0.23458999999999977	-0.03855138929560122	0.009859580026072134	-0.002969883871562231	0.0009703500332707591	-0.00033194055348326803	0.00011667259495339056	-4.164916909045711e-5	1.497655963821965e-5	-5.3890029366740435e-6	1.92836846566007e-6	-6.81470729239439e-7	2.3567160107460248e-7	-7.872031350324909e-8	2.5243662217845266e-8	-9.15605937077155e-9
0.7911771217778857	1.0	0.23787999999999998	-0.03977654333391267	0.010353529800382106	-0.003174420438737737	0.0010558569923429387	-0.0003677507598783442	0.00013162991695454772	-4.7860376530244794e-5	1.75339639774282e-5	-6.430173365509569e-6	2.3461185278185327e-6	-8.459360793561613e-7	2.988041441057827e-7	-1.0217008386426462e-7	3.375986593121185e-8	-1.2784208304001429e-8
0.7902949373983386	1.0	0.24116999999999975	-0.041029628648498656	0.010868516716340879	-0.0033916451728351793	0.0011483466118103833	-0.000407201531575366	0.00014841416361059632	-5.496096035874257e-5	2.0513077554598446e-5	-7.666446802717646e-6	2.8519435349433147e-6	-1.049134213325117e-6	3.784783675903701e-7	-1.3247027662808741e-7	4.5099255205981e-8	-1.7804423633561124e-8
0.7893823815420459	1.0	0.24445999999999957	-0.042311540062711095	0.011405544233551106	-0.0036223831064632877	0.001248400980938513	-0.00045066600028599455	0.00016724884548026658	-6.307801866290757e-5	2.3983156231714706e-5	-9.134187356109711e-6	3.4642972585110053e-6	-1.3001255915136512e-6	4.789993708531815e-7	-1.716109316242653e-7	6.019245744379442e-8	-2.4739812280227587e-8
0.7884377262463838	1.0	0.24775000000000041	-0.04362325009437196	0.011965696217282842	-0.003867530946877503	0.0013566600116549103	-0.0004985601338149437	0.00018838701408300897	-7.23578339554418e-5	2.8025291854937628e-5	-1.0876740367434468e-5	4.205587018656167e-6	-1.610126596200091e-6	6.058083194373032e-7	-2.2216749937255822e-7	8.027969143739695e-8	-3.430863910611749e-8
0.7874590647760275	1.0	0.2510399999999989	-0.04496581914800792	0.012550147330870412	-0.004128066289335358	0.001473829132280999	-0.0005513488291047431	0.00021211583760688804	-8.296913670134768e-5	3.273462959156041e-5	-1.2945872426381043e-5	5.103070492554712e-6	-1.993046981904878e-6	7.657943092186845e-7	-2.8747913440481564e-7	1.0701654717177968e-7	-4.7497788278775574e-8
0.7864442852173166	1.0	0.25432999999999933	-0.04634040755239351	0.013160175282860353	-0.004405058467941975	0.0016006883584870767	-0.000609553122412818	0.00023876205072196515	-9.510702742621894e-5	3.822306254934846e-5	-1.5403544122934594e-5	6.189975961171847e-6	-2.466172314740761e-6	9.676978740710807e-7	-3.718845929092657e-7	1.4261760358672691e-7	-6.566463612160848e-8
0.7853910388600122	1.0	0.25762000000000035	-0.047748289874223214	0.013797175358297128	-0.004699681421436864	0.0017381030595155546	-0.000673758777115687	0.0002686984862962291	-0.00010899771866401377	4.462252522295347e-5	-1.8324104425774644e-5	7.506909092610766e-6	-3.051035018539788e-6	1.2226357686671891e-6	-4.810359468733448e-7	1.9005232995992043e-7	-9.067884879712506e-8
0.7842967020567749	1.0	0.26091000000000025	-0.04919087206369877	0.014462677787339142	-0.005013229059867123	0.0018870368291713656	-0.0007446265849055129	0.00030235195748101935	-0.00012490430588874826	5.2089044289502555e-5	-2.1797023492461436e-5	9.103629987658533e-6	-3.7745326192635504e-6	1.5447874426303647e-6	-6.223181910548775e-7	2.5331372185190824e-7	-1.251206184943736e-7
0.7831583298446674	1.0	0.26419999999999993	-0.05066971215663255	0.015158368671513128	-0.00534713376447989	0.002048566994490157	-0.0008229048178027527	0.0003402128407157285	-0.00014313384154283372	6.080775565069836e-5	-2.593031897180252e-5	1.1041312697154055e-5	-4.670372662047924e-6	1.952298849624529e-6	-8.054140799419869e-7	3.3778883622429355e-7	-1.7255916716476466e-7
0.7819725990548674	1.0	0.26749000000000045	-0.05218654548877297	0.015886115416425442	-0.005702988853216066	0.0022239034636503743	-0.0009094444074442695	0.00038284682265457006	-0.0001640460755386344	7.099916613038614e-5	-3.08548839627192e-5	1.3395439282029017e-5	-5.780953311336072e-6	2.468481059705442e-6	-1.0430699225635011e-6	4.507732658046223e-7	-2.3794626093644182e-7
0.7807357378587872	1.0	0.27078000000000046	-0.053743315698865694	0.016647997936641026	-0.006082576121477373	0.002414411848500797	-0.0010052176210158536	0.0004309094303210351	-0.00018806435003528886	8.292703553812987e-5	-3.672999956495638e-5	1.625953705458065e-5	-7.159830986236463e-6	3.1234128257879794e-6	-1.352142195052712e-6	6.021907994748893e-7	-3.281758883492878e-7
0.7794434375974781	1.0	0.2740699999999995	-0.05534221324918809	0.017446347344682367	-0.0064878999581182584	0.0026216421261819264	-0.001111341274962347	0.000485164184367947	-0.00021568931237976488	9.690839308911989e-5	-4.375042184039686e-5	1.9750049131064027e-5	-8.874987989077035e-6	3.956102907329126e-6	-1.7550408372322036e-6	8.056085213108211e-7	-4.528862213285827e-7
0.7780907411558299	1.0	0.27735999999999944	-0.056985723840535456	0.01828379447513436	-0.006921230095249499	0.00284736457545939	-0.0012291059169921156	0.0005465055319055371	-0.000247516363546106	0.00011332640202325027	-5.215558836776611e-5	2.4012747794067082e-5	-1.1013204219750176e-5	5.017437801437266e-6	-2.2817397234053496e-6	1.079682132735371e-6	-6.25618577392726e-7
0.7766718998172178	1.0	0.2806499999999996	-0.05867669004566867	0.019163331527476814	-0.007385155865362842	0.0030936154107824784	-0.0013600129755194177	0.000615988178519191	-0.00028425813128900675	0.0001326470807812157	-6.224171990203129e-5	2.923127853434033e-5	-1.3685974624425865e-5	6.374247224658469e-6	-2.9726093111119694e-6	1.4502359617809354e-6	-8.655088971862086e-7
0.7751801870515245	1.0	0.28394000000000064	-0.06041839089731423	0.020088391500500104	-0.007882656052641157	0.0033627555607256294	-0.0015058227232095547	0.0006948651306231396	-0.00032677381401680235	0.0001554413318387166	-7.43779408323417e-5	3.563869425785076e-5	-1.7037625415837364e-5	8.114985417656176e-6	-3.8824592419080536e-6	1.9532926698370934e-6	-1.199784246909817e-6
0.7736076523504485	1.0	0.28723000000000004	-0.06221464632241413	0.021062952209820743	-0.008417190274971736	0.0036575475982476738	-0.00166861719476482	0.0007846378166607423	-0.00037610809527462244	0.00018241441122793275	-8.902808160655462e-5	4.353326327527493e-5	-2.125661541160744e-5	1.0357790631004503e-5	-5.086392892211244e-6	2.6395478171458316e-6	-1.6674958118889599e-6
0.7719447898237362	1.0	0.29051999999999983	-0.06406995669166357	0.022091674996204257	-0.00899282072711511	0.003981258272686971	-0.0018508842251832073	0.0008871233149463088	-0.00043354367257725934	0.00021444604946695164	-0.00010678068367975276	5.330051370566761e-5	-2.659154725486068e-5	1.3262116461530308e-5	-6.68842914479711e-6	3.5810841324369813e-6	-2.325185554547572e-6
0.7701800826538462	1.0	0.29381	-0.06598969320484155	0.023180093580012523	-0.009614377780331257	0.004337798031507533	-0.002055632044711703	0.0010045463989988128	-0.0005006736237950123	0.0002526461898825549	-0.0001283911320502888	6.54445974862338e-5	-3.337430984061434e-5	1.7045854222921748e-5	-8.834446940509906e-6	4.8816338056898835e-6	-3.255641032124269e-6
0.7682993616724179	1.0	0.2971000000000004	-0.06798036393672384	0.024334877439337026	-0.010287690713880176	0.004731915489569982	-0.002286549327469896	0.0011396686004211194	-0.0005795034918174829	0.00029843426848625665	-0.00015484222097387568	8.063397021787595e-5	-4.2054317224603e-5	2.2011127004608988e-5	-1.1732061823554577e-5	6.6926052971191e-6	-4.581705044379028e-6
0.7662848764933611	1.0	0.3003900000000003	-0.07004999618354207	0.025564209573717904	-0.011019918351124883	0.0051694762045264115	-0.0025482350769945312	0.001295974303120818	-0.000672599353560321	0.00035365514593822583	-0.0001874336556337142	9.976977997416616e-5	-5.325057387073695e-5	2.858421555337996e-5	-1.5681964503143074e-5	9.238758365902899e-6	-6.4886032684459785e-6
0.7641139048806915	1.0	0.30367999999999995	-0.07220870452463303	0.02687834666183424	-0.011820038899059799	0.005657875840017568	-0.0028465399937395545	0.0014779481293727445	-0.0007833098172697453	0.00042075432783199524	-0.00022791874474907997	0.00012409167612732928	-6.783347993291902e-5	3.737938779570304e-5	-2.1128914919373686e-5	1.2860611415241641e-5	-9.261135357228393e-6
0.761756585615252	1.0	0.3069700000000001	-0.07446956933026508	0.028290483680914878	-0.012699605380614086	0.006206677600547995	-0.0031890941607733056	0.0016915053274145174	-0.0009161124610553218	0.000503053597551489	-0.0002787216684206451	0.00015534816333584244	-8.705855575223501e-5	4.930501276685212e-5	-2.8747956391540952e-5	1.8087142690710604e-5	-1.3347926242876592e-5
0.7591723704187713	1.0	0.31025999999999976	-0.07685006415178566	0.029818156077631254	-0.013673969729093809	0.006828645568029218	-0.0035861641304029395	0.0019446934262351881	-0.0010771818703858894	0.0006052065589369509	-0.0003433002792929134	0.0001960847051984421	-0.00011279599267280713	6.574870382970676e-5	-3.95972507461516e-5	2.5766338517802606e-5	-1.9477607744701213e-5
0.7563038409265113	1.0	0.31355000000000016	-0.07937452448793417	0.03148566042509121	-0.014764394376640642	0.007541528072138945	-0.0040521350349709195	0.002248910095570965	-0.001275381229724613	0.0007340001631776731	-0.00042679101520038315	0.00025016231996572775	-0.00014794989779857412	8.892077222083285e-5	-5.5405859629490396e-5	3.731392568680207e-5	-2.8881567692430133e-5
0.7530650155066857	1.0	0.3168399999999996	-0.08207878251460174	0.033328590598545205	-0.016002006346604924	0.008371398914566707	-0.004608292987625416	0.002621198061366407	-0.00152414158574029	0.0008998857792455149	-0.0005372533595722558	0.00032377069307648544	-0.00019728891577313956	0.0001225448422122085	-7.916049283927206e-5	5.5225969978094434e-5	-4.375556278768286e-5
0.7493165944245341	1.0	0.32012999999999997	-0.08501991083058782	0.03540335737385883	-0.01743608945277179	0.009359668238590349	-0.005288675390194869	0.0030890887290163367	-0.0018454510078182074	0.0011202548316413816	-0.0006883590732034402	0.0004276439331447089	-0.000269287544488861	0.00017341027623099886	-0.00011644137691739637	8.425723402328204e-5	-6.83260749700789e-5
0.7448039486654892	1.0	0.32342	-0.08830047778522426	0.037810843809018044	-0.019154674820832326	0.010580500920239957	-0.006154635812990881	0.003702706542914178	-0.0022798806868689347	0.0014277356991408252	-0.0009062708703054046	0.0005827943088697825	-0.0003809523240790739	0.0002554941508059165	-0.00017901052840015445	0.00013461357336792712	-0.00011175153315553529
0.7389497887518661	1.0	0.3267100000000004	-0.09214923608013702	0.0407749512927456	-0.02135284977907846	0.012198624240935766	-0.0073432738263910415	0.004575164398636407	-0.0029202310356902204	0.001898247611701035	-0.0012531217202779122	0.0008403005488344261	-0.0005746782076587977	0.0004045291293601624	-0.00029762507281069534	0.0002334370084312815	-0.00019859730882049032
