0.8153760597612697	1.0	0.001	-6.375762718292409e-7	6.274206539928625e-10	-2.419452952055658e-13	1.2131310585640967e-15	2.672287681042375e-16	1.9992570855550327e-16	-7.011559273965631e-17	-1.691468050983318e-16	-4.7694066878347826e-17	2.3361096051772023e-16	1.609944407368636e-16	5.5334322119748665e-17	1.2937877655084393e-16
0.8153700992273438	1.0	0.004290000000192923	-1.173430637219473e-5	4.95300186596679e-8	-2.424368564903649e-10	-7.944993465202001e-13	3.590480301527296e-15	6.900523114909683e-17	-1.164093742830465e-16	1.773137715060201e-16	-1.722290169750397e-16	6.686994922795371e-17	2.3801225208723414e-17	-1.5857393988464764e-17	-4.558531443253071e-17
0.8153567200351444	1.0	0.007580000000122474	-3.663527265053703e-5	2.731956206989576e-7	-2.257119852278299e-9	1.7525647189428064e-11	-1.1805442172496344e-13	1.3925105499651908e-15	-6.595980502481365e-17	-5.911090689808434e-16	1.3664152149560611e-15	-1.89453847540413e-15	2.045572030859453e-15	-1.2895199379512412e-15	3.5709144522851465e-16
0.8153359165555618	1.0	0.010870000000132793	-7.534599578361005e-5	8.060443531727105e-7	-1.0019476348249796e-8	1.3054048181786106e-10	-1.6821688830861076e-12	2.0001189654008816e-14	3.2674215040265104e-16	-9.638103863057219e-17	-4.849349451562912e-16	7.995382388070876e-16	-6.214879047625475e-16	2.1203238430197227e-16	9.901084863113547e-17
0.8153076829128244	1.0	0.01416000000013832	-0.0001278727751105533	1.7823295829685672e-6	-2.906404110461564e-8	5.070495147958158e-10	-9.042095681382533e-12	1.595762570823807e-13	-2.5390641778844327e-15	6.579240985203838e-17	-1.5887820485574797e-16	3.237181295101667e-17	1.471830721486626e-16	-5.067065117331025e-16	7.576137782030737e-16
0.8152720067272792	1.0	0.01745000000014178	-0.0001942251057451519	3.3367498207133555e-6	-6.717572605803235e-8	1.4551271184648156e-9	-3.256713174282457e-11	7.34695423211539e-13	-1.6858427316243258e-14	7.415136901617627e-16	-1.2947103415851707e-16	2.5760692835484115e-16	-5.337256525965318e-16	3.9274736872155743e-16	-4.041967267972878e-17
0.8152288738487168	1.0	0.02074000000000011	-0.0002744149643274114	5.6043574965773335e-6	-1.341976317981446e-7	3.4644112935742373e-9	-9.279242132951207e-11	2.520433742775945e-12	-6.841326166217582e-14	1.947284554625505e-15	-2.2645167736649866e-16	1.3689119843022845e-16	-2.0609398974801755e-17	-9.741538575860033e-17	1.288001590689027e-16
0.815178267139195	1.0	0.024030000000000135	-0.00036845684157926984	8.720655258021467e-6	-2.4204994306349135e-7	7.24909742655664e-9	-2.2566135175300398e-10	7.1448194556464665e-12	-2.262542141582242e-13	6.5431984913906014e-15	4.971150299854205e-16	-7.35879760130423e-16	4.0536401479525767e-16	5.91086405854645e-17	-3.9209525231929984e-16
0.815120166412401	1.0	0.02732000000000017	-0.0004763677647815782	1.2821685089920913e-5	-4.047488042680779e-7	1.3791684172280121e-8	-4.889145279434548e-10	1.765581033760301e-11	-6.39364671136465e-13	2.227964292787631e-14	-1.990767953620519e-16	-3.8764995372414756e-16	1.4495717870817342e-16	-1.3485846307233936e-17	-4.9532222515803233e-17
0.8150545484119319	1.0	0.030610000000000193	-0.0005981673204494418	1.8044117190725042e-5	-6.384275789652082e-7	2.438751038402915e-8	-9.696530381872676e-10	3.930962643180092e-11	-1.6019720889138563e-12	6.511510888180142e-14	-2.9727953058466838e-15	6.813894451514868e-16	-6.981748201882584e-16	7.965780767100672e-16	-8.429499755975059e-16
0.814981386777437	1.0	0.033900000000000215	-0.0007338776793323646	2.4525339865594753e-5	-9.613610873398582e-7	4.069019092184032e-8	-1.7931092981349362e-9	8.060822174947221e-11	-3.644925107140143e-12	1.635589525197871e-13	-7.034506867872314e-15	3.418577335432594e-16	-1.6269646473993968e-16	1.2696943697807584e-16	-3.420668728251408e-17
0.814900652002187	1.0	0.037190000000000244	-0.000883523624464871	3.240355082380872e-5	-1.3939930797308824e-6	6.475809784220692e-8	-3.132687938715892e-9	1.5464604481331546e-10	-7.683922505504403e-12	3.8024289411706135e-13	-1.8834002111186975e-14	1.044586049866e-15	-1.9018559756070762e-16	4.24562825066954e-16	-7.029515669965607e-16
0.8148123113829749	1.0	0.04048000000000027	-0.0010471325825097122	4.181785013420281e-5	-1.9589670644199832e-6	9.910200512658713e-8	-5.2212999233931745e-9	2.807814536842484e-10	-1.5202900128521485e-11	8.195775240682352e-13	-4.361576562551061e-14	2.334744607768725e-15	-2.2428632785313093e-16	2.797169895321413e-16	-4.588238105239379e-16
0.814716328965477	1.0	0.0437700000000003	-0.0012247346585989153	5.290833501134838e-5	-2.681160620690097e-6	1.467340528292454e-7	-8.3640659033899e-9	4.867043092888791e-10	-2.852293235530495e-11	1.6649285666926431e-12	-9.587845064276111e-14	5.403779850283244e-15	-2.6484452483365956e-16	1.3429670741309734e-16	-3.075283535412659e-16
0.8146126654816909	1.0	0.047060000000000324	-0.0014163626748165154	6.581619672367242e-5	-3.587723323398037e-6	2.1121818264546696e-7	-1.2952445792309613e-8	8.1093227575605e-10	-5.114220576762765e-11	3.21309221977996e-12	-1.9901545007704868e-13	1.240768264035548e-14	-1.3699408163180757e-15	8.488193189890852e-16	-8.154985892324624e-16
0.8145012782823379	1.0	0.05035000000000035	-0.001622052212467487	8.068381978207649e-5	-4.708118397849727e-6	2.9672219786994297e-7	-1.947986466250209e-8	1.3057964493035467e-9	-8.818511299653641e-11	5.934720491363955e-12	-3.938433106232194e-13	2.5336570421685273e-14	-1.0725471228394145e-15	-7.131377278604706e-16	8.912227128567306e-16
0.8143821212618593	1.0	0.05364000000000038	-0.0018418416582858415	9.765488369554519e-5	-6.07416825230273e-6	4.0807161798827777e-7	-2.8558915942673476e-8	2.0409668274398263e-9	-1.4696508612604188e-10	1.0546996996123302e-11	-7.459362011318759e-13	5.135047924033605e-14	-3.609736301791375e-15	4.915707487738864e-16	-2.2672440141845066e-16
0.8142551447770595	1.0	0.05693000000000041	-0.0020757722547462515	0.00011687446750923057	-7.720104038822297e-6	5.508055003755327e-7	-4.0940226973176866e-8	3.1075829367278456e-9	-2.376991915507081e-10	1.8123856432905488e-11	-1.3625083932677445e-12	9.970507630364438e-14	-7.20799705283356e-15	9.042060361530548e-16	-5.98950527282521e-16
0.814120295558434	1.0	0.060220000000000454	-0.0023238881546593683	0.00013848915740551188	-9.682619417556985e-6	7.31234422701339e-7	-5.753309027023582e-8	4.623051274013225e-9	-3.743826531698841e-10	3.0226424722110586e-11	-2.4068383168637684e-12	1.8673739606537113e-13	-1.4291866922155073e-14	1.638603033827057e-15	-8.279316524040376e-16
0.8139775166141181	1.0	0.06351000000000045	-0.002586236480236383	0.00016264715762471916	-1.2000928700087512e-5	9.565008117252056e-7	-7.942796119495787e-8	6.736584344671314e-9	-5.758685296773223e-10	4.908554669814934e-11	-4.127054588394457e-12	3.374390447508901e-13	-2.574830745421503e-14	9.821705410982248e-16	9.31689490440857e-16
0.813826747125065	1.0	0.06680000001356388	-0.0028628673880096676	0.00018949840513812899	-1.4716829598841964e-5	1.2346418363145723e-6	-1.079209404224853e-7	9.635550688883867e-9	-8.671698978168984e-10	7.782811721847268e-11	-6.8916681094551405e-12	5.942290023269336e-13	-4.899865950870557e-14	3.8015597645692246e-15	-3.0331656507005143e-16
0.8136679223353931	1.0	0.0700900000135824	-0.0031538341329411194	0.00021919468766902698	-1.7874770723362473e-5	1.5746550765571478e-6	-1.445403746272427e-7	1.3552729552711979e-8	-1.2810319755714775e-9	1.2076860884605164e-10	-1.1235539250789298e-11	1.0183688723597792e-12	-8.861478671164385e-14	7.697985109974037e-15	-1.2360394464883135e-15
0.8135009734273428	1.0	0.07338000001359946	-0.003459193149046676	0.0002518897671024724	-2.1521924253294402e-5	1.9865672266118133e-6	-1.910757166415471e-7	1.8774554448598043e-8	-1.8598084225039737e-9	1.8377402905894088e-10	-1.792386891931502e-11	1.7034971688108417e-12	-1.5494883516383874e-13	1.3059236872455158e-14	-9.125404748755106e-16
0.813325827393314	1.0	0.07667000001361536	-0.003779004124261094	0.00028773950640905083	-2.5708263813738777e-5	2.481506057041585e-6	-2.4960879400736833e-7	2.565044233369668e-8	-2.657683062453803e-9	2.7471555548374707e-10	-2.803228654712586e-11	2.7867804436583736e-12	-2.640489404731879e-13	2.2416519267188412e-14	-1.1114505525403805e-15
0.8131424068948687	1.0	0.07996000001363021	-0.004113330086613093	0.00032690200209920786	-3.0486648022814733e-5	3.071775933038561e-6	-3.225476693753268e-7	3.460332940048682e-8	-3.743302046761441e-9	4.0403696556040634e-10	-4.3060538872028554e-11	4.473549276598014e-12	-4.4410329181580866e-13	4.025059750509822e-14	-2.8159064175175737e-15
0.8129506301118343	1.0	0.08325000001364415	-0.004462237495391111	0.0003695377219602784	-3.591290995061436e-5	3.770937162996963e-6	-4.1266326482202247e-7	4.614151370490691e-8	-5.202848352530867e-9	5.854319371030915e-10	-6.505546092036438e-11	7.0485588084869516e-12	-7.298144332154978e-13	6.905368585599012e-14	-5.232883957795945e-15
0.8127504105801168	1.0	0.08654000001365729	-0.0048257963387751705	0.00041580964863095955	-4.20459528609028e-5	4.5938895047806105e-6	-5.231289685668609e-7	6.087195406804976e-8	-7.1436516253194095e-9	8.366963752238249e-10	-9.68010006192428e-11	1.0924134702448508e-11	-1.1797708820747857e-12	1.1734553979558208e-13	-1.0091551963937685e-14
0.8125416570176802	1.0	0.08983000001366971	-0.005204080238311629	0.0004658834294585863	-4.8947852599056654e-5	5.556960158901173e-6	-6.575634401361559e-7	7.951515243372672e-8	-9.698373075529716e-9	1.1807331030947526e-9	-1.420222193446782e-10	1.6668253065849902e-11	-1.8731161295517065e-12	1.9431953257779862e-13	-1.7962065940512113e-14
0.8123242731375929	1.0	0.09312000001368151	-0.005597166560683925	0.0005199275331621947	-5.668396704923303e-5	6.677996618798746e-6	-8.200768632889856e-7	1.0292178773065024e-7	-1.3029871673634454e-8	1.6467880704044296e-9	-2.0567396531235483e-10	2.5073351646387552e-11	-2.929510645968194e-12	3.173985515579708e-13	-3.1887353805146074e-14
0.8120981574474857	1.0	0.09641000001369278	-0.006005136537240246	0.000578113413827636	-6.532305310449408e-5	7.976464770783384e-6	-1.0153209142608399e-6	1.3209126409279952e-7	-1.733681544537934e-8	2.2719115497146727e-9	-2.9427276849792003e-10	3.7217745519983995e-11	-4.514069030156215e-12	5.083204114099206e-13	-5.336164986545867e-14
0.8118632030342393	1.0	0.09970000001370355	-0.006428075391801623	0.0006406156828327059	-7.493739164463894e-5	9.47355267493783e-6	-1.2485427452206632e-6	1.6819237405143987e-7	-2.286015791695425e-8	3.1027194634607643e-9	-4.1632810139520555e-10	5.456490040291739e-11	-6.861574011053199e-12	8.016438886322971e-13	-8.765211984862187e-14
0.8116192973329222	1.0	0.10299000001371386	-0.006866072477316909	0.00070761228933397	-8.560292105860868e-5	1.1192280488116803e-5	-1.5256433014267495e-6	2.1258627526123646e-7	-2.9890574551669544e-8	4.197481608913846e-9	-5.82867466190479e-10	7.908392919784954e-11	-1.0301028425892545e-11	1.2470793779637199e-12	-1.4105428003577867e-13
0.8113663218787701	1.0	0.10628000001372383	-0.007319221421981878	0.0007792847100017897	-9.73993798955238e-5	1.3157617035268408e-5	-1.8532403308702144e-6	2.66852016356694e-7	-3.8776985590498705e-8	5.62859112656376e-9	-8.080719156296817e-10	1.1339455571421299e-10	-1.52848576812168e-11	1.91675001167118e-12	-2.256041573940029e-13
0.8111041520408072	1.0	0.10957000001373343	-0.007787620285510435	0.0008558181487659858	-0.00011041045929656813	1.539660358488166e-5	-2.238736484629267e-6	3.3281487427145307e-7	-4.993631652905685e-8	7.485495642568712e-9	-1.110068532589204e-9	1.6096492160539066e-10	-2.2434968441891036e-11	2.9136490135397374e-12	-3.5864527535546516e-13
0.8108326567357859	1.0	0.11286000001374279	-0.00827137172629226	0.000937401747373053	-0.00012472396589850482	1.793848541560614e-5	-2.6903929229629897e-6	4.1257776841733717e-7	-6.386463082026503e-8	9.878136390713293e-9	-1.5118804949873119e-9	2.2634738154845149e-10	-3.2593599083259e-11	4.379526098056223e-12	-5.622542055678972e-13
0.8105516981207317	1.0	0.11615000001375184	-0.008770583180263587	0.0010242288076609076	-0.000140431995992906	2.0814851841566612e-5	-3.2174089158396262e-6	5.085560794101731e-7	-8.11498246827107e-8	1.2940992326130166e-8	-2.0425820417114423e-9	3.1547801174351553e-10	-4.6894786088266197e-11	6.512395981901479e-12	-8.699826735861353e-13
0.8102611312624216	1.0	0.11944000001376069	-0.009285367052392383	0.0011164970265189788	-0.00015763112178465924	2.4059785409943582e-5	-3.8300079570500865e-6	6.235162174661846e-7	-1.0248608474351382e-7	1.6837834108658523e-8	-2.7387131746660305e-9	4.360688280784391e-10	-6.68701704383989e-11	9.595904129952663e-12	-1.337019937570531e-12
0.8099608037817798	1.0	0.12273000001376928	-0.009815840921754252	0.0012144087445971222	-0.00017642259067362012	2.7710021044252696e-5	-4.539530950102719e-6	7.606182978438218e-7	-1.2869028591824642e-7	2.176723551083992e-8	-3.6459278745255956e-9	5.980400231817669e-10	-9.453942098783667e-11	1.4007770268923481e-11	-2.034106045906704e-12
0.8096505554711172	1.0	0.1260200000137776	-0.010362127761305929	0.0013181712099389956	-0.00019691253859761715	3.180511601944204e-5	-5.3585371401317976e-6	9.234634090950322e-7	-1.607206653191795e-7	2.7969081502694658e-8	-4.821061411766689e-9	8.141382186072543e-10	-1.3259046316095993e-10	2.0270960860347043e-11	-3.0626823720198688e-12
0.8093302178817209	1.0	0.1293100000137859	-0.010924356173548096	0.0014279968578232004	-0.00021921221855342486	3.638763169058411e-5	-6.300913448206201e-6	1.1161458696893182e-6	-1.9969793028558163e-7	3.5732055441427197e-8	-6.334503025390902e-9	1.1006060499614891e-9	-1.8454568798124775e-10	2.9094338770494578e-11	-4.571992432138236e-12
0.8089996138793187	1.0	0.13260000001379404	-0.011502660643402418	0.0015441036082149535	-0.000243438245543046	4.150332803957938e-5	-7.3819930329836085e-6	1.3433110879949008e-6	-2.469292508628717e-7	4.540244778382278e-8	-8.273145424232159e-9	1.4781058172387069e-9	-2.5503510061507586e-10	4.144324909003641e-11	-6.771347596464649e-12
0.8086585571643119	1.0	0.13589000001380208	-0.012097181809778826	0.0016667151823960152	-0.0002697128593142003	4.72013721643026e-5	-8.618683884754134e-6	1.6102195089866266e-6	-3.0393532427906224e-7	5.739425003988265e-8	-1.0743752215396608e-8	1.972716424875201e-9	-3.5004886672733e-10	5.859226241903482e-11	-9.941913721713287e-12
0.8083068517536748	1.0	0.13918000001381006	-0.012708066757456353	0.001796061440492545	-0.0002981642064363366	5.3534562034379255e-5	-1.0029608506521106e-5	1.9228174666600213e-6	-3.724811499757837e-7	7.22010569636015e-8	-1.387718725483355e-8	2.617363067002015e-9	-4.774178630463192e-10	8.229430124554186e-11	-1.4510585247925175e-11
0.807944291420744	1.0	0.142470000013818	-0.013335469331071334	0.0019323787417830857	-0.00032892664334798697	6.05595668301954e-5	-1.1635255591404852e-5	2.2878154310685573e-6	-4.5461060796789115e-7	9.04095568311991e-8	-1.7833100915959215e-8	3.4532271862456156e-9	-6.47134592500107e-10	1.1479168738063487e-10	-2.0996172457687782e-11
0.8075706590890283	1.0	0.14576000001382572	-0.013979550473233083	0.0020759103299233385	-0.0003621410623123788	6.83371855602228e-5	-1.3458145111828702e-5	2.7127748377811793e-6	-5.526858766451416e-7	1.1271556847452473e-7	-2.280598198216142e-8	4.531963040334971e-9	-8.72197735324061e-10	1.5918436720330063e-10	-3.022141785217626e-11
0.8071857261753147	1.0	0.14905000001383345	-0.014640478588980592	0.0022269067453864833	-0.0003979552422648147	7.693262550903559e-5	-1.5523007826073638e-5	3.206203916665521e-6	-6.69431531993343e-7	1.3994199162401835e-7	-2.903164186565117e-8	5.917692658628581e-9	-1.1690370754378642e-9	2.1938518767921005e-10	-4.316714314528031e-11
0.80678925187719	1.0	0.15234000001384124	-0.015318429939092108	0.002385626267783865	-0.00043652422699452255	8.641580270470295e-5	-1.785698112815637e-5	3.7776642705816038e-6	-8.0798500421323e-7	1.730603482616274e-7	-3.679580630992529e-8	7.69036527902915e-9	-1.5588964247823512e-9	3.0077777784900776e-10	-6.137968782996112e-11
0.8063809823991683	1.0	0.15563000001384894	-0.016013589064970295	0.002552335390849344	-0.00047801073302864436	9.6861666174524e-5	-2.0489822248536104e-5	4.437888369405439e-6	-9.719527247318608e-7	2.1321454983951256e-7	-4.6443009436765704e-8	9.948543653195129e-9	-2.0683820237780967e-9	4.1006531910006327e-10	-8.666539669997067e-11
0.8059606501111091	1.0	0.15892000001385664	-0.016726149248320978	0.0027273093335234977	-0.0005225855904251182	0.00010835054896626815	-2.3454141596291542e-5	5.19891069634827e-6	-1.1654747696410247e-6	2.617498269940399e-7	-5.8388784750940585e-8	1.2814491390840347e-8	-2.7317174594292078e-9	5.56426327596227e-10	-1.2184585917475668e-10
0.8055279726317525	1.0	0.16221000001386432	-0.017456313008936224	0.0029108325904600362	-0.0005704282192234922	0.00012096854782533087	-2.6785657035589552e-5	6.074212111670687e-6	-1.3932963466284385e-6	3.2024414617737316e-7	-7.313184815614567e-8	1.6438093037419336e-8	-3.591500489680182e-9	7.512390989473695e-10	-1.7024634197564848e-10
0.8050826518290587	1.0	0.16550000001387205	-0.01820429264477608	0.0031031995264711814	-0.0006217271458462679	0.00013480793565529234	-3.0523473179824776e-5	7.0788816648444746e-6	-1.6608506454910975e-6	3.9054694735970726e-7	-9.127123340988513e-8	2.100437916618847e-8	-4.7021979189164145e-9	1.0099370481311095e-9	-2.369314610280975e-10
0.8046243727286856	1.0	0.16879000001388	-0.018970310818343633	0.0033047150188226884	-0.0006766805625738212	0.0001499676086672403	-3.471038604717991e-5	8.229794447714354e-6	-1.9743499222370146e-6	4.748206392937115e-7	-1.1352297034617354e-7	2.6739070568755017e-8	-6.131239393089529e-9	1.3515807071205848e-9	-3.2791100824768406e-10
0.804152802319245	1.0	0.1720800000138877	-0.019754601194982565	0.003515695153501044	-0.0007354969360144966	0.00016655357409698298	-3.9393219148711216e-5	9.54581201959896e-6	-2.340891947059971e-6	5.755925392725949e-7	-1.407441823618383e-7	3.391971427485674e-8	-7.964446560038525e-9	1.8018578801701346e-9	-4.521873734598071e-10
0.8036675882440377	1.0	0.1753700000138955	-0.020557409137770318	0.0037364679798799613	-0.000798395667884873	0.00018467948004284514	-4.462319029659739e-5	1.1048002158092878e-5	-2.7685761150243297e-6	6.958095389386707e-7	-1.7395575327078487e-7	4.2883384215560234e-8	-1.0307500221026339e-8	2.392324024705796e-9	-6.204393233890488e-10
0.8031683573633763	1.0	0.17866000001390345	-0.021378992466876693	0.003967374332405916	-0.0008656078166036785	0.0002044671961535802	-5.04563185065038e-5	1.2759888325250147e-5	-3.2666407334547686e-6	8.389079639769326e-7	-2.1437631851001876e-7	5.404322825764244e-8	-1.3294437340624327e-8	3.1653221260165345e-9	-8.484838179765231e-10
0.8026547141758769	1.0	0.18195000001391157	-0.02221962228846832	0.00420876872387329	-0.0009373768826649598	0.00022604744552224166	-5.6953867982326735e-5	1.4707722101992936e-5	-3.845611188430875e-6	1.0088854644519818e-6	-2.6345290821404153e-7	6.789904143417369e-8	-1.7089535616283527e-8	4.172633091340376e-9	-1.1550919137294174e-9
0.802126239075271	1.0	0.18524000001391963	-0.02307958390471565	0.004461020323006239	-0.0010139596705528724	0.00024956050126167254	-6.418284409438748e-5	1.6920795437463412e-5	-4.51747778652998e-6	1.210395275581127e-6	-3.2290896846202215e-7	8.506183342360332e-8	-2.1900559221881032e-8	5.48348504138583e-9	-1.5677841159311632e-9
0.8015824864311746	1.0	0.18853000001392797	-0.02395917780970067	0.0047245140201847705	-0.0010956272287295753	0.0002751569454271167	-7.221653399272101e-5	1.9431779845309837e-5	-5.295885280114423e-6	1.4488408056359014e-6	-3.9478573250586367e-7	1.062682857031212e-7	-2.798110577562918e-8	7.182193411257889e-9	-2.119213408036271e-9
0.8010229824575009	1.0	0.19182000001393615	-0.024858720788915503	0.004999651600810766	-0.0011826658874629981	0.00030299851152920616	-8.113511576986676e-5	2.227711979392563e-5	-6.196364479758682e-6	1.7305033445115535e-6	-4.815102398514862e-7	1.3241726890478165e-7	-3.565126566357716e-8	9.381217471745629e-9	-2.856890345527699e-9
0.800447222860752	1.0	0.195110000013945	-0.02577854712511569	0.005286853027408706	-0.0012753783923375847	0.00033325900280065394	-9.102632088552077e-5	2.5497456926127045e-5	-7.236575242719938e-6	2.0626664702125086e-6	-5.859509626572643e-7	1.6458935234000045e-7	-4.530025871510708e-8	1.2216954224417306e-8	-3.837095806715132e-9
0.7998546702086005	1.0	0.19840000001395341	-0.02671900993904822	0.005586557861750412	-0.0013740851652619924	0.0003661253206518692	-0.00010198618885294862	2.913812953609013e-5	-8.43661017025146e-6	2.4537900768436564e-6	-7.115145809141511e-7	2.0410123581917773e-7	-5.741867791191076e-8	1.5870981200666523e-8	-5.1411278246055665e-9
0.7992447510233456	1.0	0.20169000001396273	-0.02768048266192313	0.005899226821133605	-0.0014791256826603748	0.0004017985847724894	-0.00011411988468252857	3.324970605202063e-5	-9.819307323505967e-6	2.9136743643444522e-6	-8.622208841587632e-7	2.5253214119562494e-7	-7.260138563626076e-8	2.0563014979100566e-8	-6.865444874930309e-9
0.7986168524988394	1.0	0.2049800000139715	-0.028663360687201603	0.006225343520547065	-0.0015908600232064315	0.0004404954013817849	-0.00012754264285371651	3.7888624672172896e-5	-1.1410651367182606e-5	3.4536983302374896e-6	-1.0428408886357443e-6	3.1180490303610343e-7	-9.159755948055857e-8	2.6585084679998715e-8	-9.148381907113726e-9
0.7979703188749816	1.0	0.20827000001398144	-0.02966806318510101	0.006565416379863517	-0.0017096705585250458	0.0004824492414490925	-0.0001423807837862754	4.3117868295086494e-5	-1.324017766311775e-5	4.087036324980022e-6	-1.258997571534761e-6	3.842213530018345e-7	-1.1531330094539825e-7	3.428969705258492e-8	-1.2154118668046252e-8
0.7973044472921192	1.0	0.21156000001399003	-0.030695035161496756	0.006919980783779107	-0.001835963874717504	0.0005279120226743377	-0.00015877290758148287	4.9007791975183575e-5	-1.534150700658009e-5	4.828987564214051e-6	-1.5173643922865179e-6	4.725838880449083e-7	-1.4488976488255077e-7	4.41451084229606e-8	-1.6116822989032076e-8
0.7966184832231099	1.0	0.21485000001400129	-0.03174474971634498	0.00728960144335905	-0.0019701728669410004	0.0005771558216681195	-0.00017687116897597066	5.563698303361874e-5	-1.7752870818307626e-5	5.697263360914718e-6	-1.8258012710789234e-6	5.802430861684178e-7	-1.8170495138837681e-7	5.671609545262591e-8	-2.131516001726081e-8
0.7959116151680402	1.0	0.21814000001401007	-0.0328177106436883	0.007674875109633261	-0.002112759155556081	0.0006304748722748758	-0.0001968428050539427	6.309334309436271e-5	-2.0517830582642073e-5	6.712445645440512e-6	-2.1936410785501278e-6	7.112799320679052e-7	-2.2749500587735824e-7	7.275234379381574e-8	-2.8144107235273848e-8
0.7951829688361984	1.0	0.2214300000140229	-0.03391445527328373	0.008076433530653924	-0.0022642157092139636	0.0006881877152044744	-0.00021887174997684849	7.147519341714817e-5	-2.3685965192117885e-5	7.89837006541273e-6	-2.631874020986216e-6	8.705700635143534e-7	-2.8435414454164954e-7	9.315769200920108e-8	-3.707484766737017e-8
0.7944316002513029	1.0	0.22472000001403078	-0.035035557803399175	0.008494946912432223	-0.002425069927580819	0.0007506397588944312	-0.00024316061728904992	8.089270818062181e-5	-2.731385039873794e-5	9.282770921745734e-6	-3.1535651462762943e-6	1.064059476007492e-6	-3.549247136930115e-7	1.1913275769555543e-7	-4.877262523716722e-8
0.7936564882545154	1.0	0.22801000001404617	-0.03618163291862528	0.008931127666800561	-0.002595886965309219	0.0008182060097806827	-0.0002699327670326196	9.146934838910728e-5	-3.1465965407931986e-5	1.089779510478632e-5	-3.7741051393856076e-6	1.2988507299723676e-6	-4.423926008518815e-7	1.5212540108387007e-7	-6.403326612237404e-8
0.7928565253868549	1.0	0.23130000001405335	-0.03735334013463568	0.009385734900724607	-0.0027772737302229605	0.0008912944071678943	-0.00029943491755429237	0.00010334378742261475	-3.621604337124716e-5	1.27809193114694e-5	-4.511824302569624e-6	1.5836229817094293e-6	-5.507863062987657e-7	1.9406120701889854e-7	-8.39764839463664e-8
0.7920305081037188	1.0	0.23459000001407243	-0.03855138846512923	0.009859579230858178	-0.002969883151851759	0.0009703493370032106	-0.0003319398252040562	0.00011667179292185439	-4.164827984748547e-5	1.4975646218190773e-5	-5.388337047386616e-6	1.928749006130085e-6	-6.849650041801588e-7	2.472654060672709e-7	-1.0994694488060729e-7
0.7911771244781873	1.0	0.23788000001407775	-0.03977654219470054	0.010353528718588327	-0.0031744194636303736	0.0010558560535165852	-0.0003677497847701636	0.00013162885462703253	-4.7859221375459485e-5	1.7532825017533075e-5	-6.429453940255292e-6	2.346940028012426e-6	-8.510913697882358e-7	3.1483596247974723e-7	-1.4383121644202846e-7
0.7902949412427347	1.0	0.2411700000141024	-0.04102962698985032	0.010868515149982726	-0.00339164376856129	0.0011483452709502317	-0.0004072001555303886	0.00014841268996570528	-5.4959398788291465e-5	2.0511607753502117e-5	-7.665662765280859e-6	2.853409012702032e-6	-1.0566103021302746e-6	4.0052436360781707e-7	-1.8790712685372178e-7
0.7893823868333574	1.0	0.24446000001410476	-0.04231153773457856	0.011405542050814996	-0.0036223811636824374	0.0012483991446415011	-0.00045066414196266323	0.00016724689255536349	-6.307600900410187e-5	2.3981375503798343e-5	-9.133497471753364e-6	3.466868027729602e-6	-1.3109993984810725e-6	5.093399181062652e-7	-2.453626603159258e-7
0.788437733947483	1.0	0.2477500000141374	-0.04362324667173403	0.01196569302286047	-0.0038675281262530135	0.00135665737961967	-0.0004985575168221621	0.00018838432769422334	-7.235516181253601e-5	2.8023076841996165e-5	-1.0876225627989906e-5	4.2097658525758114e-6	-1.6257399301116103e-6	6.473745061235355e-7	-3.2007281958868217e-7
0.787459075565463	1.0	0.25104000001413423	-0.04496581429689423	0.012550142830900845	-0.0041280623508264695	0.0014738255062355869	-0.0005513452911379585	0.00021211229793430974	-8.29657558955372e-5	3.273208128759693e-5	-1.2945930206865476e-5	5.109847180163272e-6	-2.01551730741271e-6	8.227864957078936e-7	-4.1745222969277555e-7
0.7864443010230463	1.0	0.254330000014179	-0.04634040043180206	0.013160168701878876	-0.00440505276004194	0.0016006831833431819	-0.0006095481801759228	0.00023875724822095286	-9.510264138600853e-5	3.822010106688852e-5	-1.5404525161947875e-5	6.20052097063524e-6	-2.4981998210083104e-6	1.0455586319541792e-6	-5.441387855850427e-7
0.7853910611207149	1.0	0.25762000001416746	-0.04774827977876078	0.013797166077369376	-0.004699673448195142	0.0017380959419682094	-0.0006737521331778224	0.00026869223932033206	-0.00010899233188255548	4.461948960416159e-5	-1.832696488723043e-5	7.523324322796355e-6	-3.096772657341502e-6	1.3291068027132123e-6	-7.093980508859582e-7
0.7842967345457875	1.0	0.26091000001422854	-0.04919085737641449	0.014462664326537224	-0.005013217604404518	0.0018870267745922265	-0.0007446174298578794	0.00030234365641348975	-0.0001248975928856515	5.2086099250660366e-5	-2.180281663912059e-5	9.128545160960298e-6	-3.83938347476992e-6	1.6899867761771146e-6	-9.247117721498583e-7
0.7831583754124645	1.0	0.2642000000142057	-0.05066969147797028	0.015158349812062252	-0.00534711787458914	0.0020485532873498963	-0.0008228926714261387	0.0003402022933118805	-0.0001431260512041402	6.080588392098136e-5	-2.5941288513263886e-5	1.1079166779065263e-5	-4.7624869837908065e-6	2.1505414581600475e-6	-1.2061022468022294e-6
0.781972664815732	1.0	0.2674900000142873	-0.05218651585638376	0.015886088465556898	-0.005702966366152837	0.0022238844232788995	-0.0009094280255165291	0.00038283327352376344	-0.0001640371190153919	7.099935051467812e-5	-3.087381793622071e-5	1.3452028487656181e-5	-5.911136879003597e-6	2.738661695596081e-6	-1.5736974885807193e-6
0.7807358288764427	1.0	0.2707800000142504	-0.05374327459222739	0.01664796073499476	-0.006082545417268646	0.0024143863627202806	-0.0010051964285839809	0.0004308929740370229	-0.0001880553199358344	8.293193498825748e-5	-3.676209635077613e-5	1.634423806120248e-5	-7.344153957738808e-6	3.4921763109895403e-6	-2.0556018335688902e-6
0.7794435664231519	1.0	0.274070000014353	-0.05534215571045562	0.01744629542173716	-0.006487857555739901	0.0026216076902562504	-0.0011113137227283017	0.00048514438812471495	-0.00021568126463837915	9.692134817154989e-5	-4.38026476292865e-5	1.9875536940683168e-5	-9.135158913216638e-6	4.459027912703673e-6	-2.6877311810086283e-6
0.7780909148145441	1.0	0.27736000001430383	-0.05698564617061225	0.018283724800661517	-0.006921173942272425	0.0028473201213951374	-0.0012290720694749628	0.000546483923520875	-0.0002475129981855146	0.000113354379425874	-5.223996435200013e-5	2.4198962238847085e-5	-1.1381217671827997e-5	5.704662721910274e-6	-3.520346558337742e-6
0.7766721373885855	1.0	0.28065000001441903	-0.05867658561419722	0.01916323822584847	-0.00738508167778128	0.0030935584342663943	-0.0013599722521312023	0.0006159665742235158	-0.00028426444946164005	0.0001326998511554487	-6.237523248325671e-5	2.9506000093082817e-5	-1.420590569850415e-5	7.31365797873497e-6	-4.619051480299013e-6
0.7751804904380676	1.0	0.2839400000143706	-0.06041825751589678	0.020088273438817663	-0.007882564081222655	0.003362687875015114	-0.001505779055926511	0.0006948504315222986	-0.0003268012614471522	0.00015553699754683676	-7.458864723251977e-5	3.604495104492829e-5	-1.7774217535506762e-5	9.4025174165227e-6	-6.076125682779586e-6
0.7736080233873085	1.0	0.2872300000280595	-0.06221448538855852	0.0210628115281881	-0.008417083899265274	0.0036574745630226385	-0.0016685788599461301	0.0007846426414788893	-0.00037617564279566627	0.0001825814480088277	-8.93584839570019e-5	4.413390985756715e-5	-2.2302004933038333e-5	1.2126505713446428e-5	-8.01603592263868e-6
0.771945216778482	1.0	0.290520000014458	-0.06406977615662171	0.022091520559966084	-0.008992709835713285	0.003981191991101232	-0.0018508672042251181	0.0008871697568710792	-0.0004336826565280371	0.00021472941092266372	-0.00010729549934173855	5.418850470722843e-5	-2.80781912932076e-5	1.5698409700952297e-5	-1.0611926429859878e-5
0.7701804720841279	1.0	0.293810000028435	-0.06598953787580422	0.023179969135228917	-0.009614302641451642	0.0043377777763699945	-0.0020556781498131983	0.0010046829898773372	-0.0005009443935655274	0.0002531246093518547	-0.00012919608219092425	6.67639170931752e-5	-3.549900173177914e-5	2.0417183433963417e-5	-1.4110729993160555e-5
0.7682995087762223	1.0	0.29710000003149534	-0.06798033068272182	0.0243348763440988	-0.010287734817062097	0.004732019254137868	-0.002286737304054167	0.001139981837505996	-0.0005800083128854906	0.000299235417105013	-0.00015610242498848072	8.26023407020186e-5	-4.510601175254498e-5	2.6699679571871354e-5	-1.8860914627278017e-5
0.7662843007808703	1.0	0.30039000001446187	-0.07005031548583844	0.025564551151535622	-0.011020269799527185	0.005169872732620954	-0.0025487261469973235	0.0012966310302576112	-0.0006735225370467803	0.0003549968544719189	-0.00018941770606304526	0.00010272683932045178	-5.766459218264414e-5	3.514783835233102e-5	-2.537209040973149e-5
0.7641114941233692	1.0	0.30368000003415424	-0.07220986466196377	0.026879494323219014	-0.011821103605666704	0.005658920087202558	-0.002847660606474556	0.0014792680774815318	-0.0007849901902077633	0.0004230159367888783	-0.00023107256411941077	0.00012857940502287806	-7.427895078953099e-5	4.664848570932294e-5	-3.440417934126009e-5
0.7617499362191377	1.0	0.3069700000548062	-0.07447265441336844	0.028293461933709584	-0.012702254507450517	0.006209117195597133	-0.003191511412867788	0.0016941187117782818	-0.000919182741591512	0.0005069112207726843	-0.00028380484675582395	0.00016225105133273505	-9.658840967615584e-5	6.254273964561408e-5	-4.711827479052157e-5
0.7591560617662934	1.0	0.31026000006308474	-0.07685746617570464	0.02982522323990541	-0.013680119625002912	0.006834102547531354	-0.003591291063184064	0.0019498886777475346	-0.0010828829859210797	0.0006119244268219608	-0.0003516671192257524	0.00020691138822463736	-0.00012713446386774033	8.494930041952945e-5	-6.536771679553219e-5
0.756265344679431	1.0	0.31355000009913797	-0.07939169823676451	0.031501967143436164	-0.014778400385975474	0.007553652094969802	-0.004063091556286289	0.0022594509291538637	-0.001286275222212478	0.0007460744475111918	-0.0004409923063402041	0.0002676259961675975	-0.00017006702499169113	0.00011738660906476906	-9.225811529787244e-5
0.7529734649667225	1.0	0.31684000006531166	-0.0821189786726826	0.033366661687890306	-0.016034443889376283	0.008398990392840044	-0.0046324921092288345	0.002643494241683675	-0.0015459724511716181	0.0009226821452187489	-0.0005625199902403984	0.00035317235319062894	-0.00023272271074282713	0.00016617198927527477	-0.00013341078090701457
0.7490868451190256	1.0	0.32013000088960325	-0.0851191155885584	0.03549727202334602	-0.017515736107545293	0.009426572488989975	-0.0053459847447749585	0.0031399873637331364	-0.0018928817260015446	0.0011669532263379853	-0.000736965367328962	0.000480819387833285	-0.00032979786065996224	0.00024413248801727377	-0.0002003181428809658
0.7441424983801135	1.0	0.3234200000724783	-0.08858051924534048	0.038076284775222256	-0.019379394940200707	0.010767683420370789	-0.006312041513918259	0.0038381912742475235	-0.00240050251223636	0.001539714460497769	-0.0010151592835704827	0.0006936679819358083	-0.0004985337157423134	0.00038413715823926446	-0.0003225908500404379
0.7357601715053419	1.0	0.3267100011193589	-0.09345977532290044	0.04202142034450303	-0.02241004553948203	0.013075708324654779	-0.008070846344804383	0.005184707794391345	-0.0034396833959276537	0.00235139301950001	-0.0016599667474379316	0.001217620370978206	-0.0009364318220380514	0.0007619662199657752	-0.0006591915514589183
