0.8153760597600471	1.0	0.001	-6.375769173956069e-7	6.2742212507553e-10	-7.241821662132845e-13	9.084312286010333e-16	-7.793255253819263e-19	-1.7294861424088482e-19	-4.366613936650495e-19	6.050489232628941e-18	-1.5610495474813963e-18	4.891553688220382e-18	1.6262269995676724e-18	-1.3997389880145858e-19	5.565380089679843e-19	-2.2123113261086673e-18	-3.651622531175512e-18	1.9351412578287137e-19	2.904418032991778e-19	2.732341848046185e-18	9.626394356574269e-19	-8.381028298872305e-19	1.6905204142693107e-19
0.8153700980957712	1.0	0.004290000000000025	-1.173431166836751e-5	4.9539738010146464e-8	-2.4530643378830303e-10	1.3116852716623433e-12	-7.294914337700608e-15	4.036712477421167e-17	2.428629360989532e-18	-4.274249678204176e-19	-2.3935795611674284e-18	6.6335587860129005e-18	-5.489265329506629e-19	-3.2209009273302134e-18	2.3991397164341935e-19	-4.433055222386989e-18	-3.141959348269009e-18	2.821818528802556e-19	-4.333260549738438e-18	-1.5707799329773266e-19	5.685257886794002e-19	-3.9754748944796515e-19	1.9010333074419974e-18
0.8153567186789836	1.0	0.007579999999999798	-3.663573392609698e-5	2.732994996991012e-7	-2.3912951919596232e-9	2.259401326161954e-11	-2.223431342004262e-13	2.2302070424609113e-15	-2.0133388431883486e-17	5.44793658012905e-18	-6.057736265804982e-18	3.991040247174707e-18	2.8502472649611137e-19	-4.927049925968783e-18	-1.2860812768525729e-18	1.0603749976593542e-18	-6.56336691502755e-19	2.5693492931764868e-18	9.105999351078426e-19	2.881060760607675e-18	2.7531435154440788e-18	3.253424948073435e-18	1.802944912377335e-18
0.8153359162172741	1.0	0.010869999999999966	-7.534631794360494e-5	8.06114336155468e-7	-1.0115646955160363e-8	1.3707510514966274e-10	-1.934588829014557e-12	2.7873232967701486e-14	-4.10430627701091e-16	1.1627093455522782e-17	1.4897452015520795e-18	9.807091042631045e-18	-2.742413513516936e-18	-6.252674818269505e-18	-3.5490152795557146e-19	-8.947552293773878e-19	-3.9740089086797676e-18	-1.9627434295182517e-18	-1.2094107328281446e-18	1.7755147221630315e-18	2.5355973519664935e-18	3.5282594096396326e-19	-8.428836067333424e-19
0.815307682474135	1.0	0.014159999999999798	-0.00012787302474802473	1.7823869610659302e-6	-2.9140041780244414e-8	5.144570642751195e-10	-9.45961459099115e-12	1.775824209886018e-13	-3.35949127165788e-15	6.52619061025735e-17	-6.557135224011834e-18	4.417620238685675e-18	1.6588080701438056e-18	-8.559580698380532e-19	2.046983112797044e-18	-2.2717506039470482e-18	-3.997601010032704e-18	5.471801376926806e-19	-1.7659334377301992e-18	3.4128995107174446e-18	-1.961870940913906e-19	4.214363119279702e-19	-7.864682589007072e-19
0.8152720062552764	1.0	0.01745000000000009	-0.00019422531065456494	3.336800369211983e-6	-6.723929625112954e-8	1.463155647756579e-9	-3.3160991971866614e-11	7.672843380353367e-13	-1.7889927961375518e-14	3.9916523286163623e-16	-2.1997178890814676e-17	-1.6418651120940468e-18	-9.021551443503875e-19	-7.295337181153273e-18	-2.8617043482398297e-18	5.733175843487032e-18	-1.5748953488502582e-18	6.501704404567954e-18	-7.514740573088384e-18	-2.1857884672430014e-18	1.4389181911126848e-18	1.337982389540668e-18	3.1165813544574653e-19
0.8152288733901851	1.0	0.020740000000000036	-0.0002744151388604159	5.604403593935179e-6	-1.3425281605070704e-7	3.4729321441675447e-9	-9.357174264955126e-11	2.573958612977062e-12	-7.132751157288974e-14	1.9725058982782804e-15	-5.882297471375714e-17	6.718479283146404e-18	-4.4753444527540575e-19	-2.9787456691762674e-18	-2.0839687647154208e-19	-2.6482373848184066e-19	-2.199681201133042e-18	1.953081951266537e-18	-9.845570960087526e-19	2.194337987463121e-18	7.10951485847327e-19	1.3480045579692133e-18	3.0059668184847543e-19
0.8151782667086215	1.0	0.024030000000000072	-0.0003684569941496577	8.720698200127411e-6	-2.4209912287257467e-7	7.2580385578233405e-9	-2.2663507796136358e-10	7.22523639713893e-12	-2.3205611655530763e-13	7.421417845290818e-15	-2.4418176931260414e-16	1.1687531008860847e-17	1.5909540610793058e-18	-5.557755787454876e-18	-1.5322070899960397e-18	-1.3577515856135356e-18	-7.273578085019654e-19	7.297667449775837e-18	-2.618773604808452e-18	-2.1140235197232777e-18	6.629612331244428e-19	2.064552763284735e-18	2.1677932031014557e-18
0.8151201660120658	1.0	0.027320000000000063	-0.0004763679007621654	1.2821725689190326e-5	-4.0479350237308584e-7	1.3801002892340453e-8	-4.900910144604542e-10	1.776922905609575e-11	-6.490615084391615e-13	2.3626387133426696e-14	-8.486327285392963e-16	3.211262916676523e-17	-3.480619162385243e-18	-2.4162055326510626e-18	4.058365431534244e-19	-1.0675851930017378e-18	-5.767856841217753e-18	2.408228347696084e-18	-5.138097929566985e-19	2.9585019167731406e-18	2.235365892091571e-18	4.916161977589308e-19	1.4923194408758632e-18
0.8150545480399962	1.0	0.03060999999999922	-0.0005981674434792313	1.8044155998295596e-5	-6.384688270675472e-7	2.4397179189079986e-8	-9.710389026511063e-10	3.946115963549358e-11	-1.6156422406489145e-12	6.592155188210923e-14	-2.651848865394983e-15	1.0015540752021514e-16	-5.943184773711215e-18	1.464742652695657e-18	-2.4898690292241433e-18	-6.3053515474741394e-18	-4.863825629580926e-18	5.482359920048158e-18	-5.513999227921305e-18	2.386633812827858e-18	-4.4994012504182826e-18	-2.9516650306624945e-18	8.115704277455335e-20
0.8149813864308554	1.0	0.03390000000000094	-0.0007338777919976466	2.4525377278114088e-5	-9.613996207851516e-7	4.070019438233813e-8	-1.7947136196631773e-9	8.080560464931698e-11	-3.6655969961508846e-12	1.6573000297492283e-13	-7.390852867758684e-15	3.243194022730815e-16	-1.1550143644515159e-17	-4.833263559054958e-19	4.103815941497005e-19	-4.508936273181773e-18	-4.48989016978224e-18	2.5242181758331935e-18	-2.374095339427072e-19	-8.953284344155836e-19	1.3224925984074273e-18	-3.827421293138833e-19	1.1188199341108498e-18
0.8149006516775814	1.0	0.03719000000000053	-0.0008835237286676671	3.240358714270033e-5	-1.3940294407606125e-6	6.476842642503968e-8	-3.1345184584715483e-9	1.5489542983545053e-10	-7.712238388933958e-12	3.8271762931682656e-13	-1.8729639811762974e-14	8.941684918992163e-16	-3.79368202837421e-17	-5.276436997776118e-18	-4.725905181776896e-19	7.646061052100277e-19	-2.834271603300648e-18	-3.9093512492073755e-19	-1.8434525505873907e-18	3.73967136465093e-18	2.259877731221926e-18	1.3699860753833818e-18	-2.5194136603569784e-18
0.814812311077516	1.0	0.04048000000000007	-0.001047132679691694	4.1817885587998424e-5	-1.9590016646944585e-6	9.911265362171733e-8	-5.223364817155993e-9	2.810901606910702e-10	-1.5241701959268248e-11	8.237710568351942e-13	-4.390021966088285e-14	2.279294585016882e-15	-1.0833038228701429e-16	4.660009004367917e-18	4.149714219651022e-18	-3.2668289004573863e-18	-2.0209800798463057e-18	3.316979464320668e-18	-1.9238029942090428e-18	7.895957396087796e-19	-3.439545124662585e-18	-2.4237898234529876e-18	-3.172230206734122e-18
0.8147163286765244	1.0	0.04377000000000032	-0.001224734749880182	5.290836978600159e-5	-2.681193782480871e-6	1.467450204375743e-7	-8.36637413229451e-9	4.870797907107811e-10	-2.857428371577865e-11	1.6709542657543399e-12	-9.635500309182836e-14	5.414320060845034e-15	-2.884153357064701e-16	1.3854985562618468e-17	2.1700572049638803e-18	-1.0476010541847172e-18	1.840808765120824e-19	2.548421886490921e-18	-1.5088930372157605e-18	2.3711466555765773e-19	1.0852264576206854e-18	-1.3487610596369267e-18	9.648334283902225e-19
0.8146126652070956	1.0	0.04705999999999925	-0.0014163627610849837	6.581623096809828e-5	-3.5877553038062123e-6	2.1122947125196804e-7	-1.295500681577047e-8	8.113827744022076e-10	-5.120916351323977e-11	3.2219013534042547e-12	-1.9989659044032376e-13	1.2066269698644414e-14	-6.965728398948564e-16	2.6345919338297754e-17	-5.016818600018448e-18	-5.39519178832825e-19	-1.7758861795261447e-18	-1.6380691710629493e-18	6.391663248141197e-19	-6.086783372519777e-19	-1.6352637089438648e-18	1.6586497152262729e-18	9.248057059398173e-19
0.8145012780201721	1.0	0.050349999999999576	-0.00162205229444025	8.068385362214176e-5	-4.708149406065083e-6	2.9673381121833396e-7	-1.948268826667941e-8	1.3063301109166818e-9	-8.827010563279853e-11	5.946337121358742e-12	-3.950585249689709e-13	2.5533709782881656e-14	-1.5703008283917123e-15	7.842919125697949e-17	-6.165562231010948e-18	-3.029852745132488e-19	-1.435234697516743e-18	1.9617768121670457e-18	-1.9473914314639676e-18	2.5746537076127114e-18	-1.0613431173507134e-18	-2.4328742927765875e-18	-2.7254138145159168e-18
0.8143821210104943	1.0	0.05363999999999989	-0.0018418417365511546	9.765491723744688e-5	-6.074198461438553e-6	4.080835609321299e-7	-2.8562011791291312e-8	2.0415924926508995e-9	-1.4707212459469744e-10	1.056334382061919e-11	-7.483334135863661e-13	5.1585975477305336e-14	-3.390185228930438e-15	2.0271024024926792e-16	-5.819707488490342e-18	-6.3668725743592846e-18	-1.0646478581920134e-18	4.628114165982726e-18	1.2807363016666117e-18	-9.35069581544995e-19	1.8941169351177917e-18	3.3547654894528118e-18	-1.5957411852865048e-18
0.8142551445350964	1.0	0.05692999999999937	-0.002075772329793893	0.00011687450084560282	-7.720133595494424e-6	5.508177804293899e-7	-4.094360607071209e-8	3.10830985294349e-9	-2.378315426947138e-10	1.8145169537508195e-11	-1.3656046676026498e-12	1.0002431376390145e-13	-6.984985765834933e-15	4.442505558989127e-16	-1.9438219039284038e-17	5.313363916740078e-18	-2.6728084101776197e-18	2.35309279075885e-18	-5.193304585139767e-18	3.0370086017171524e-19	2.8578431929470706e-18	-2.585681870744873e-18	-5.971928814369571e-19
0.8141202953246852	1.0	0.060220000000000086	-0.0023238882269006524	0.00013848919061614198	-9.682648446259251e-6	7.312470480539114e-7	-5.7536764112501525e-8	4.623889596560254e-9	-3.745448463471312e-10	3.025416232134865e-11	-2.4109952892183823e-12	1.8703924026835224e-13	-1.3834593210568609e-14	9.344659024371902e-16	-4.795564589394818e-17	7.644400937611322e-19	-3.543505616235902e-18	2.4043768642696513e-18	-4.426250900168427e-19	-3.807558435994484e-19	5.521986094558195e-19	2.7991661592923774e-19	-3.818619154685451e-18
0.8139775163875094	1.0	0.06350999999999936	-0.0025862365500225466	0.00016264719078279243	-1.2000957309076234e-5	9.565137916458368e-7	-7.94319411651388e-8	6.737543854511086e-9	-5.760647130529091e-10	4.9120900229555354e-11	-4.1328599990085645e-12	3.385834544791539e-13	-2.6472205645254764e-14	1.8972091499350342e-15	-1.0781898073318095e-16	1.541278944794473e-17	1.3076753434074406e-18	2.17130511269425e-18	-4.087076369281122e-19	4.29199907263291e-18	-4.104271101400547e-18	6.274087064822389e-18	-1.4689182829041097e-18
0.8138267469053376	1.0	0.06680000000000041	-0.0028628674544851325	0.00018949843819184495	-1.4716857870327531e-5	1.2346551798549874e-6	-1.0792523869081498e-7	9.636642497595744e-9	-8.674053223723322e-10	7.787291903981988e-11	-6.899312145714386e-12	5.953287926982347e-13	-4.902621358706872e-14	3.7066956683467046e-15	-2.282738010600803e-16	1.254846377747339e-18	4.860694552524001e-19	-2.0751888895124393e-18	-3.14601023163398e-18	-1.2192240822876706e-19	2.038281534330199e-18	-5.771321771542387e-19	-2.3935458258849093e-18
0.8136679221211094	1.0	0.07009000000000017	-0.0031538341974656514	0.00021919472078349528	-1.7874798752939206e-5	1.5746687965156523e-6	-1.4454500472905064e-7	1.3553965581198185e-8	-1.2813126207603544e-9	1.2082490911118955e-10	-1.12455137022704e-11	1.0196173958252762e-12	-8.827345245836712e-14	7.0231479781303e-15	-4.656651826132959e-16	1.3666223043169382e-17	-9.265356931518443e-19	3.1706117522165543e-18	-4.7451787669268265e-18	2.145349097303426e-18	-6.418096984267858e-19	3.4548607181819413e-18	-3.3841271157745937e-19
0.8135009732177737	1.0	0.07337999999999999	-0.0034591932118506487	0.0002518898003332823	-2.1521952116977063e-5	1.9865813355297915e-6	-1.910806920006516e-7	1.8775946359497057e-8	-1.8601398350002719e-9	1.8384365086508765e-10	-1.793671050697895e-11	1.7052573788719311e-12	-1.5488030512517547e-13	1.2939030567078434e-14	-9.044908468199763e-16	3.945049967425414e-17	5.694999839510735e-18	-1.5246181689083787e-18	-6.331738137494575e-19	-5.038501046495718e-19	-4.993732522022419e-18	-2.4340875408857493e-18	-7.038643375439199e-18
0.8133258271878131	1.0	0.07667000000000122	-0.0037790041855490153	0.00028773953980907886	-2.570829158148646e-5	2.481520569154498e-6	-2.496141297672265e-7	2.5652003761637426e-8	-2.658072949228182e-9	2.748023188775808e-10	-2.8050317401184657e-11	2.7907794523649126e-12	-2.6539024857287215e-13	2.3237060759691842e-14	-1.7027682911094216e-15	6.330718918724641e-17	1.0549086307212998e-17	-7.162945076133721e-18	3.4339679996058482e-18	2.6666063561451897e-18	-4.382446150095278e-19	4.478368526293623e-18	-3.0858248067701278e-18
0.8131424066928568	1.0	0.07996000000000023	-0.004113330146566622	0.0003269020357177444	-3.0486675758170232e-5	3.071790862555461e-6	-3.225533803028682e-7	3.460507331508979e-8	-3.743756572050352e-9	4.041419116234375e-10	-4.308237171475862e-11	4.47773880090081e-12	-4.4505837868025377e-13	4.079360224184582e-14	-3.1462679701225895e-15	1.2528659346586796e-16	1.3020807247881244e-17	-6.774037906125474e-19	-4.3335953169574615e-18	1.6925992435860806e-18	-5.222302654421221e-18	2.0155928197547224e-19	-1.9273897646828137e-18
0.8129506299127642	1.0	0.08324999999999978	-0.004462237554175656	0.00036953775584643245	-3.591293771393495e-5	3.77095252590807e-6	-4.1266936716527247e-7	4.614345488931215e-8	-5.203376414476103e-9	5.855598947925837e-10	-6.508413655264469e-11	7.055049164082238e-12	-7.317322322475453e-13	7.007052925047645e-14	-5.669438621955945e-15	2.579788972703793e-16	3.2761936221190305e-17	-1.8723593175730824e-17	2.722534659719648e-18	2.747612658743481e-18	-2.1046215021257585e-18	1.9727511104418414e-18	-4.59548442127501e-18
0.8127504103835101	1.0	0.0865400000000003	-0.004825796396539722	0.0004158096828314808	-4.204598070858586e-5	4.593905318112752e-6	-5.231354795165985e-7	6.087410764520515e-8	-7.144261238778582e-9	8.368495941481637e-10	-9.683587684823781e-11	1.0931439677138224e-11	-1.181370595384994e-12	1.1801097878305182e-13	-9.988081216225003e-15	4.905005988856509e-16	5.637078772413426e-17	-1.7171077098858375e-17	-4.9301390203366815e-18	1.089195469870145e-17	-3.073165370704723e-18	1.3141381480464503e-19	-4.89127728934546e-18
0.8125416568230791	1.0	0.08982999999999954	-0.005204080295193031	0.0004658834640204105	-4.894788058527068e-5	5.556976441061657e-6	-6.575703779570107e-7	7.951753504090357e-8	-9.699074488771078e-9	1.1809169125162952e-9	-1.420662304365089e-10	1.6678229662706853e-11	-1.875516592541109e-12	1.951910024739652e-13	-1.7277354081348737e-14	8.999849067462442e-16	9.838744400961326e-17	-5.030290055709942e-17	2.0976068647103384e-17	-1.5112737576603732e-17	6.688940179282906e-18	-4.767043219770397e-18	3.9582645706345534e-18
0.8123242729445824	1.0	0.09312000000000017	-0.005597166616808979	0.0005199275681313813	-5.6683995226186394e-5	6.678013389319823e-6	-8.200842470359954e-7	1.0292441638195115e-7	-1.3030674656240817e-8	1.6470061064741455e-9	-2.0572751486937476e-10	2.5085130209471778e-11	-2.931610085344279e-12	3.1746867827828307e-13	-2.935963728380127e-14	1.6397490452484368e-15	1.7651621847818365e-16	-9.927642595370902e-17	2.3036805191224012e-17	-2.3492598915608347e-18	-1.067638048508667e-18	-4.737469751250596e-18	4.516763752224661e-18
0.8120981572556691	1.0	0.0964099999999999	-0.006005136592726608	0.0005781134492506829	-6.53230815230872e-5	7.976482050760953e-6	-1.0153287646693405e-6	1.3209415776210297e-7	-1.7337731981554018e-8	2.2721698001756993e-9	-2.9433847797788223e-10	3.723257538033384e-11	-4.516712284801125e-12	5.083550262790422e-13	-4.9033135201975204e-14	2.934748367992204e-15	2.7872693675711086e-16	-1.5223573510787467e-16	2.3168326045626106e-17	1.4386277067711542e-17	-1.547384353465964e-17	1.3816498633396974e-17	-1.806415490659892e-17
0.81186320284324	1.0	0.09970000000000045	-0.006428075446760419	0.0006406157187569323	-7.493742035510721e-5	9.47357048664881e-6	-1.2485510837615264e-6	1.6819555218871105e-7	-2.2861200624212695e-8	3.1030245646617157e-9	-4.164095087326749e-10	5.4584924147802725e-11	-6.866115219807899e-12	8.023298418939484e-13	-8.064019249495528e-14	5.137632390869615e-15	4.483164490299605e-16	-2.807056821035614e-16	7.80912500450462e-17	-1.7715745543396925e-17	5.177222892921499e-18	3.9747370750526315e-18	-1.1656361897417726e-17
0.8116192971423903	1.0	0.10298999999999937	-0.006866072531852476	0.0007076123258065312	-8.560295011022648e-5	1.1192298854979127e-5	-1.5256521504411262e-6	2.1258975800537712e-7	-2.989175590268503e-8	4.197839061057894e-9	-5.829661277874463e-10	7.910935268555325e-11	-1.030782731904197e-11	1.2493310793906005e-12	-1.3071636588690025e-13	8.846491795821635e-15	6.97007467505136e-16	-4.798644807822381e-16	1.4043533388753543e-16	-3.020108796421102e-17	4.339093842712027e-18	3.307458333088953e-18	-1.4695719168358007e-17
0.8113663216883591	1.0	0.10628000000000097	-0.007319221476195514	0.0007792847470724595	-9.739940933889418e-5	1.3157635983690272e-5	-1.8532497155827372e-6	2.668558268691634e-7	-3.8778321164245576e-8	5.6290093072738e-9	-8.081918639212896e-10	1.1342737791933109e-10	-1.529500571903915e-11	1.920972168231172e-12	-2.0901860178568592e-13	1.4988412283920938e-14	1.0708503580894759e-15	-8.147202056006471e-16	2.343429269482023e-16	-3.949103083319536e-17	-1.4058803430286636e-18	9.612481148360103e-18	-2.3553825672991047e-17
0.8111041518501884	1.0	0.1095699999999996	-0.007787620339498529	0.0008558181864849153	-0.00011041048918174532	1.5396623141929268e-5	-2.2387464306954318e-6	3.3281903587806075e-7	-4.993782194589747e-8	7.485982557304218e-9	-1.1102129619340982e-9	1.610059306712725e-10	-2.24483577207768e-11	2.9191022420206927e-12	-3.300773462115513e-13	2.506300635689839e-14	1.5528866878909475e-15	-1.3458374130820007e-15	4.3087941054054605e-16	-9.748974678003773e-17	1.2305927497839199e-17	1.2017609642655117e-17	-1.965469192336408e-17
0.810832656544633	1.0	0.11286000000000067	-0.00827137178014879	0.0009374017857927333	-0.00012472399627685404	1.793850561081662e-5	-2.690403458144774e-6	4.125823066323621e-7	-6.386632345401467e-8	9.878701165350431e-9	-1.512053293547125e-9	2.2639817561940926e-10	-3.261137686336291e-11	4.387049389896521e-12	-5.15027036032919e-13	4.131663434676173e-14	2.2319008333255982e-15	-2.2245195616524804e-15	7.40910730857302e-16	-2.0086045433912543e-16	3.903482772126966e-17	3.8718113914620096e-18	-5.3357196348761964e-18
0.8105516979287296	1.0	0.11614999999999939	-0.008770583234081399	0.001024228846836076	-0.00014043202691745783	2.0814872707139316e-5	-3.217420070611215e-6	5.085610225760084e-7	-8.115172533379883e-8	1.2941648076393112e-8	-2.0427915155997076e-9	3.1554452453471765e-10	-4.6921858753721925e-11	6.5250695651951684e-12	-7.947215068151131e-13	6.729451560954757e-14	3.0467592247687947e-15	-3.574075960180362e-15	1.2327054370067952e-15	-3.195998157365292e-16	5.958849428460798e-17	5.771644825469337e-18	-2.084302938505967e-17
0.8102611310692556	1.0	0.11943999999999959	-0.009285367106261964	0.00111649706650619	-0.0001576311533087904	2.4059806978359276e-5	-3.830019760833776e-6	6.235215914103343e-7	-1.0248820962278422e-7	1.6838587053605006e-8	-2.7389589800309715e-9	4.361482836218948e-10	-6.690404967177757e-11	9.610798980566045e-12	-1.2135065955985607e-12	1.0829028176018233e-13	3.959400706621924e-15	-5.677291157128743e-15	2.0584378445670147e-15	-5.805906491182298e-16	1.3591769882026815e-16	-2.6938424676428383e-17	2.618091101898044e-19
0.8099608035871387	1.0	0.1227300000000002	-0.00981584097576676	0.0012144087854562245	-0.0001764226228539195	2.7710043352797803e-5	-4.539543438403148e-6	7.606241367173766e-7	-1.286926621610488e-7	2.1768104764496115e-8	-3.6462232353316844e-9	5.981417767231703e-10	-9.45867000965932e-11	1.4026274978288027e-11	-1.8347468625423787e-12	1.7232836721294724e-13	4.805805866568538e-15	-8.9174579984434e-15	3.3943370359312057e-15	-1.0025157516701035e-15	2.7532196766003887e-16	-7.726587715332651e-17	1.722960234506896e-17
0.8096505552746764	1.0	0.12601999999999985	-0.010362127815553469	0.0013181712517342562	-0.0001969125714934139	3.1805139107462716e-5	-5.358550348555081e-6	9.234697445744931e-7	-1.6072331428328806e-7	2.797007730574526e-8	-4.821409386475784e-9	8.142633129010463e-10	-1.3265383238167152e-10	2.0293740067411985e-11	-2.7483148434777612e-12	2.7141562718095606e-13	5.121524245810257e-15	-1.3733663501907431e-14	5.462291699854666e-15	-1.6628308088724339e-15	4.287445801420978e-16	-8.115738157471436e-17	-8.594441731241603e-18
0.8093302176831653	1.0	0.12930999999999976	-0.010924356228122786	0.0014279969006211288	-0.00021921225222646637	3.638765560108769e-5	-6.300927417369225e-6	1.116152740967073e-6	-1.9970088412271612e-7	3.573320154373645e-8	-6.3349211487239075e-9	1.1007683394755129e-9	-1.846362515815461e-10	2.912247911367554e-11	-4.08061315513037e-12	4.231280847726625e-13	4.1956861714074865e-15	-2.0889703532738503e-14	8.67412313781758e-15	-2.7022847575410217e-15	7.117297765636748e-16	-1.3789666492737295e-16	-1.143152659247946e-17
0.8089996136783194	1.0	0.13260000000000036	-0.011502660698399107	0.0015441036520863994	-0.00024343828005733947	4.150335281617644e-5	-7.382007801016637e-6	1.3433185279094109e-6	-2.46932530642755e-7	4.540375249690349e-8	-8.273633838099308e-9	1.4783039111062461e-9	-2.551542401807991e-10	4.147030870320826e-11	-6.008556617021172e-12	6.534252338089875e-13	5.931735614204363e-16	-3.1396561704211483e-14	1.3680235776752417e-14	-4.4791073349378875e-15	1.2993881646932784e-15	-3.468942958210837e-16	9.488033187646256e-17
0.8086585569605377	1.0	0.13589000000000004	-0.012097181865295622	0.0016667152274180642	-0.0002697128947407033	4.720139786002808e-5	-8.618699502570394e-6	1.6102275682827736e-6	-3.0393897520422287e-7	5.739575129964582e-8	-1.0744343657498786e-8	1.9729803985584116e-9	-3.502234996266375e-10	5.862317263982795e-11	-8.777808596742918e-12	9.999214289211132e-13	-8.11065302661e-15	-4.6571188201586195e-14	2.1284048069358723e-14	-7.196211528528043e-15	2.1305657359887936e-15	-5.549419836587058e-16	1.2510210964189794e-16
0.808306851546774	1.0	0.13918000000000022	-0.012708066813593514	0.001796061486745298	-0.00029816424284577096	5.353458869801662e-5	-1.0029625014634406e-5	1.9228261778085468e-6	-3.724851894229041e-7	7.220275571275987e-8	-1.38778720787968e-8	2.617681908608223e-9	-4.776403641538748e-10	8.229877896390797e-11	-1.2727917150276476e-11	1.517167113746227e-12	-2.6090730672454628e-14	-6.814065279630112e-14	3.269904264912296e-14	-1.142108414967682e-14	3.5163827843717595e-15	-1.0262184094419091e-15	3.4659017476241215e-16
0.8079442912103644	1.0	0.14246999999999993	-0.013335469387934071	0.0019323787893545607	-0.00032892668082133974	6.055959452589353e-5	-1.163527305351223e-5	2.2878248613097703e-6	-4.5461510233753924e-7	9.04115168549275e-8	-1.7833941896517033e-8	3.4536644914005117e-9	-6.474643044467851e-10	1.1478005227643385e-10	-1.832517767422235e-11	2.2832287627911755e-12	-6.004664543779886e-14	-9.84987307788593e-14	4.9761990015002414e-14	-1.7948791057754787e-14	5.643900107240875e-15	-1.616090958890831e-15	4.803114904501386e-16
0.8075706588747888	1.0	0.1457600000000002	-0.01397955053093181	0.002075910378905605	-0.0003621411009295661	6.833721434314483e-5	-1.345816357078853e-5	2.7127850176912757e-6	-5.526908372089003e-7	1.1271778119944298e-7	-2.28069596087196e-8	4.532501326751109e-9	-8.726218274052543e-10	1.5908716175404177e-10	-2.620685416630963e-11	3.4094960209037763e-12	-1.2074403035048037e-13	-1.4050385164258863e-13	7.488718415472666e-14	-2.79312454595608e-14	9.102149993664787e-15	-2.7916637718380213e-15	9.84428430252828e-16
0.8071857259568239	1.0	0.14905000000000043	-0.014640478647634281	0.002226906795885314	-0.00039795528212375233	7.693265546199704e-5	-1.5523027367153527e-5	3.2062149403439753e-6	-6.694370581967479e-7	1.3994455998906297e-7	-2.9032863820673138e-8	5.918445255156249e-9	-1.1696593690410242e-9	2.1919819636224027e-10	-3.723948642962746e-11	5.053794233490316e-12	-2.2502482717251381e-13	-1.9796960364435786e-13	1.1177782687393681e-13	-4.318980580664737e-14	1.4552104740711494e-14	-4.669166161828611e-15	1.7822509296294807e-15
0.8067892516540301	1.0	0.15234000000000067	-0.015318429998820762	0.0023856263199016577	-0.00043652426818085365	8.641583388274648e-5	-1.7857001786355533e-5	3.7776761529147775e-6	-8.079910844224415e-7	1.7306323586951301e-7	-3.6797225788354095e-8	7.691293358700561e-9	-1.5596803616815028e-9	3.00331493827114e-10	-5.2595932951529196e-11	7.438627110388215e-12	-3.9920115001561385e-13	-2.750318498284887e-13	1.6501166480732555e-13	-6.59114098821484e-14	2.277952886573665e-14	-7.433066291080457e-15	2.829438008505912e-15
0.8063809821708975	1.0	0.15563000000000093	-0.016013589125913115	0.0025523354447160016	-0.0004780107756652546	9.686169868957804e-5	-2.0489844145598826e-5	4.437901251939271e-6	-9.719595189824941e-7	2.1321793356345557e-7	-4.644482023523638e-8	9.94985450063321e-9	-2.069508685752406e-9	4.0930575531187353e-10	-7.38565075186058e-11	1.0875673259284657e-11	-6.831299426821056e-13	-3.7676448095970274e-13	2.413742159204317e-13	-9.97593351700642e-14	3.54601650860392e-14	-1.1859482757906549e-14	4.640136395849073e-15
0.8059606498772637	1.0	0.15891999999999926	-0.01672614931061216	0.0027273093892547	-0.0005225856346055478	0.0001083505828739354	-2.345416475864398e-5	5.198924576984697e-6	-1.165482243058753e-6	2.6175364576768185e-7	-5.83909224813311e-8	1.2816140619201857e-8	-2.733130982971328e-9	5.549989228027353e-10	-1.0314189990389192e-10	1.5799527805252156e-11	-1.137056268980779e-12	-5.083884074198094e-13	3.5001610751404575e-13	-1.5005139399862217e-13	5.5184334058657766e-14	-1.929973199256121e-14	8.035906346212005e-15
0.8055279723918025	1.0	0.16220999999999983	-0.01745631307274723	0.0029108326482229063	-0.0005704282651085868	0.00012096858328098095	-2.678568163834069e-5	6.074227200299791e-6	-1.3933047454929395e-6	3.202486831609326e-7	-7.31346328312679e-8	1.6440426278233883e-8	-3.593480433931564e-9	7.489301804996359e-10	-1.432865893925349e-10	2.281314462427167e-11	-1.8509523406734417e-12	-6.743992503677241e-13	5.024618847256081e-13	-2.2304853967724162e-13	8.424571918449403e-14	-3.014549413784876e-14	1.2815233160950509e-14
0.8050826515824905	1.0	0.16550000000000015	-0.01820429271025495	0.003103199586390921	-0.0006217271935315891	0.00013480797270550512	-3.0523499227302224e-5	7.0788979257078655e-6	-1.6608598953717119e-6	3.905521051603518e-7	-9.127458101287701e-8	2.1007349832615745e-8	-4.704640533977327e-9	1.0059983332592641e-9	-1.9806535667564935e-10	3.274925804458763e-11	-2.9575159657920207e-12	-8.780894612470127e-13	7.150680223317586e-13	-3.292432004801328e-13	1.280406458233893e-13	-4.718555543309505e-14	2.0688178168656658e-14
0.8046243724748492	1.0	0.16878999999999963	-0.018970310885712088	0.0033047150811243795	-0.0006766806122819657	0.00014996764754060703	-3.4710413807195044e-5	8.229812211202602e-6	-1.9743604231512955e-6	4.7482689186893915e-7	-1.1352742646846182e-7	2.6743263158075715e-8	-6.134563431598645e-9	1.3454155584146914e-9	-2.724877369893333e-10	4.675298997308404e-11	-4.651250613417491e-12	-1.1186705286179483e-12	1.0086820348248053e-12	-4.822190308856402e-13	1.9302629094028596e-13	-7.310711667713416e-14	3.2926633952601695e-14
0.8041528020575618	1.0	0.1720800000000008	-0.019754601264401987	0.0035156952183157467	-0.0007354969878355207	0.00016655361481783843	-3.9393248584352376e-5	9.54583119358396e-6	-2.3409035636730107e-6	5.75599739633642e-7	-1.4074964303719755e-7	3.392507817553019e-8	-7.968418280907561e-9	1.7918864343838092e-9	-3.731800680928211e-10	6.639267263337657e-11	-7.215082739406118e-12	-1.3876127419834528e-12	1.4100058192897412e-12	-7.008350104951767e-13	2.8894350313086613e-13	-1.1264445642218694e-13	5.2246591651775156e-14
0.8036675879736389	1.0	0.17537000000000055	-0.02055740920955829	0.0037364680475390185	-0.0007983957221556083	0.00018467952297586255	-4.4623221847976936e-5	1.104802329446519e-5	-2.768589527068671e-6	6.95818505195583e-7	-1.7396316467068605e-7	4.289090827557435e-8	-1.0312712317376216e-8	2.377095075139366e-9	-5.088805916118565e-10	9.380762867481384e-11	-1.1056585493111726e-11	-1.6639594163818091e-12	1.9538011465037986e-12	-1.0114897944498488e-12	4.2986527617102397e-13	-1.7260530626801794e-13	8.24145478792403e-14
0.8031683570836363	1.0	0.17866000000000035	-0.02137899254119779	0.00396737440303049	-0.0008656078733886587	0.00020446724127380303	-5.045635206130486e-5	1.2759911239457434e-5	-3.2666557169221142e-6	8.389184915210297e-7	-2.1438557330344011e-7	5.405286207194052e-8	-1.3300357513336752e-8	3.14157778164706e-9	-6.910797144956203e-10	1.3190629987515722e-10	-1.6760899710862414e-11	-1.9037310150342267e-12	2.6821143070552434e-12	-1.44870907707541e-12	6.346302023085561e-13	-2.6229099415270156e-13	1.2877772851756491e-13
0.8026547138855392	1.0	0.1819499999999997	-0.02221962236581354	0.004208768797984268	-0.0009373769425031946	0.00022604749343330696	-5.6953904281460186e-5	1.470774773035279e-5	-3.845628906856995e-6	1.0088989642799243e-6	-2.634656313474629e-7	6.791241805479709e-8	-1.7096894823577847e-8	4.137078238893294e-9	-9.348460100457468e-10	1.8462862286874298e-10	-2.516121125177346e-11	-2.0278366995366537e-12	3.646990154457632e-12	-2.059826292471297e-12	9.304061735208422e-13	-3.95603435114258e-13	1.994261140359404e-13
0.8021262387736565	1.0	0.1852399999999997	-0.023079583985251693	0.004461020400704976	-0.0010139597334692845	0.00024956055187005575	-6.41828829285843e-5	1.6920823488615857e-5	-4.517497934883406e-6	1.210411526227664e-6	-3.229251143527119e-7	8.507889904631697e-8	-2.190813768379329e-8	5.429508040274277e-9	-1.259891768998853e-9	2.572953549897114e-10	-3.74381746948161e-11	-1.90112701789633e-12	4.9099657898147946e-12	-2.90783231845412e-12	1.3552128659199991e-12	-5.930846715412522e-13	3.070498474935484e-13
0.8015824861162587	1.0	0.18853000000000045	-0.023959177894265164	0.0047245141023611326	-0.001095627295649059	0.00027515699978243076	-7.221657665270072e-5	1.9431811945171007e-5	-5.29590987649622e-6	1.4488622482863635e-6	-3.9480806965257743e-7	1.062916654054676e-7	-2.79895505215579e-8	7.1026616975804385e-9	-1.6919427162025937e-9	3.570695097327501e-10	-5.52552573351214e-11	-1.3029387111830422e-12	6.541728408129857e-12	-4.076013031889832e-12	1.9612041282175974e-12	-8.831329783765582e-13	4.6898339351441e-13
0.8010229821285918	1.0	0.19182000000000052	-0.024858720877659328	0.0049996516875147	-0.0011826659583326125	0.00030299856942354777	-8.113516190137573e-5	2.2277155510579166e-5	-6.196393141436278e-6	1.73052979223367e-6	-4.815388485773031e-7	1.3244678313615388e-7	-3.5657758776463366e-8	9.262881545483461e-9	-2.2645028796984044e-9	4.935696236801707e-10	-8.094697932461441e-11	1.1832539102965944e-13	8.618425207453266e-12	-5.673764987340768e-12	2.8215722920518075e-12	-1.3085696297768801e-12	7.134089648353656e-13
0.8004472225142756	1.0	0.19511000000000053	-0.025778547219577404	0.005286853120260543	-0.0012753784688295173	0.00033325906612528545	-9.102637279236176e-5	2.5497499130360022e-5	-7.236611502136984e-6	2.062702147720152e-6	-5.859905069910351e-7	1.6462906975511576e-7	-4.530466625253544e-8	1.2044904686831666e-8	-3.0211180694378194e-9	6.796760485522097e-10	-1.177730486028582e-10	2.908304644661704e-12	1.121552621662331e-11	-7.842100432891417e-12	4.034694408578611e-12	-1.927408972838116e-12	1.0781243297928482e-12
0.7998546698437555	1.0	0.19839999999999997	-0.026719010039418237	0.005586557960779253	-0.0013740852472686068	0.00036612538910951096	-0.000101986246079607	2.9138177747855014e-5	-8.436653739899327e-6	2.4538350816743786e-6	-7.115654871661997e-7	2.04150622025351e-7	-5.741477745280577e-8	1.561919686478391e-8	-4.018285410778258e-9	9.325981582449652e-10	-1.7026895995760003e-10	7.900911673317748e-12	1.4395104384579325e-11	-1.0762100741121017e-11	5.7358889974456165e-12	-2.8239666649711886e-12	1.6207500077161208e-12
0.7992447506333759	1.0	0.20168999999999998	-0.02768048277118092	0.005899226929427149	-0.0014791257733155372	0.0004017986618501779	-0.00011411995139977364	3.3249765380388645e-5	-9.819364395755573e-6	2.9137359593892144e-6	-8.622908623057382e-7	2.5259715676446807e-7	-7.258645213740382e-8	2.0201144471150427e-8	-5.3291844171294374e-9	1.2752777651419213e-9	-2.4472045042204647e-10	1.635107324648285e-11	1.8184452006290434e-11	-1.4662034167350973e-11	8.107092259505751e-12	-4.11531657241834e-12	2.422698606942093e-12
0.7986168520825119	1.0	0.2049800000000008	-0.02866336080575687	0.006225343638247191	-0.0015908601224608866	0.00044049548680810175	-0.00012754271865218346	3.788869481212013e-5	-1.1410722079518446e-5	3.453777282047961e-6	-1.0429308873733955e-6	3.1188379048353076e-7	-9.155799771168581e-8	2.606257958246207e-8	-7.048464726009662e-9	1.7382388939014534e-9	-3.498111126818255e-10	3.012660376369562e-11	2.2539694064766408e-11	-1.9825293536496005e-11	1.1392650739456112e-11	-5.9658259152082026e-12	3.6017864827919224e-12
0.7979703184188598	1.0	0.20826999999999893	-0.029668063318958878	0.006565416513075853	-0.0017096706724420406	0.00048244934180860565	-0.00014238087635054256	4.311795845344278e-5	-1.3240272944085473e-5	4.087145104972963e-6	-1.2591201516687578e-6	3.8432223546813234e-7	-1.1523971636174044e-7	3.354623139602977e-8	-9.298385163137416e-9	2.3620188451388115e-9	-4.97497876354046e-10	5.1977186237838326e-11	2.7290589104528094e-11	-2.6598672693357746e-11	1.591998891626064e-11	-8.606171563779873e-12	5.328322099066008e-12
0.7973044467931727	1.0	0.2115600000000001	-0.03069503531199029	0.006919980933363009	-0.0018359640038484617	0.0005279121382684007	-0.00015877301716729728	4.900790278109374e-5	-1.5341628332238223e-5	4.829128505658953e-6	-1.5175213146466744e-6	4.727018345792274e-7	-1.4475329757988015e-7	4.3083858553188395e-8	-1.2236692118871768e-8	3.2003700884612013e-9	-7.042030474372292e-10	8.592053939177715e-11	3.204884448737515e-11	-3.539344628127603e-11	2.2121558558862985e-11	-1.2355337054276074e-11	7.844223302015869e-12
0.7966184826540378	1.0	0.21485000000000007	-0.0317447498957557	0.007289601621561051	-0.0019701730231499715	0.0005771559650061466	-0.00017687130975884118	5.563713101923017e-5	-1.7753037293249707e-5	5.697457486642666e-6	-1.8260122397443791e-6	5.803873982782827e-7	-1.8148027856838453e-7	5.521900647431273e-8	-1.6066722608805763e-8	4.324464367792282e-9	-9.924223177444867e-10	1.377814127980354e-10	3.607279268844416e-11	-4.668313561780522e-11	3.0565925468187694e-11	-1.7654025011494168e-11	1.1492984750426234e-11
0.7959116145203172	1.0	0.21814000000000028	-0.032817710856153266	0.007674875319686932	-0.002112759341457789	0.0006304750456411117	-0.00019684297943357908	6.30935314522882e-5	-2.0518046733685104e-5	6.712698199252538e-6	-2.19390838351316e-6	7.114374998508867e-7	-2.2712173513226256e-7	7.063560353308203e-8	-2.1050379125443596e-8	5.828426714219238e-9	-1.3929061514570101e-9	2.1595521495598268e-10	3.805661260186196e-11	-6.098408913582259e-11	4.1991639909183064e-11	-2.5106437869553204e-11	1.675913552577581e-11
0.7951829680530218	1.0	0.22142999999999968	-0.03391445554440253	0.008076433797625567	-0.0022642159484816365	0.000688187942767637	-0.00021887198444499152	7.14754520821603e-5	-2.3686264486672262e-5	7.898716209144747e-6	-2.6322275738026255e-6	8.707477295276083e-7	-2.837718953213487e-7	9.019392191956508e-8	-2.7524793284547395e-8	7.836609399156948e-9	-1.9476041183357824e-9	3.324728747413811e-10	3.582226010078168e-11	-7.882128651168574e-11	5.7355412584737294e-11	-3.5544193212553155e-11	2.4330399969844924e-11
0.7944315993088892	1.0	0.2247199999999998	-0.035035558144991756	0.008494947246278977	-0.0024250702286708658	0.0007506400484325456	-0.0002431609198610365	8.089304642371024e-5	-2.7314243694884415e-5	9.283220806066137e-6	-3.1540059166280263e-6	1.064224491220696e-6	-3.54009067782647e-7	1.1497586255970353e-7	-3.5923754152039356e-8	1.0513167174890527e-8	-2.713649993563712e-9	5.044982285251855e-10	2.5852929521847418e-11	-1.0064810234975375e-10	7.787447377534807e-11	-5.009584678056005e-11	3.516754430350377e-11
0.793656487033879	1.0	0.22801000000000002	-0.03618163338427509	0.008931128119144519	-0.0025958873757672214	0.0008182064082264939	-0.0002699331873122395	9.146982025577914e-5	-3.1466510745639914e-5	1.089840619395654e-5	-3.7746755783843363e-6	1.298996287164773e-6	-4.4100815898598816e-7	1.463420687495696e-7	-4.680529690956269e-8	1.4074669991938906e-8	-3.768752096727126e-9	7.564230282383129e-10	2.6046486502919267e-12	-1.2670737780194284e-10	1.050751502080381e-10	-7.028518338755736e-11	5.0608461526228095e-11
0.792856523824847	1.0	0.23130000000000026	-0.03735334075572772	0.009385735498879078	-0.002777274273424678	0.000891294935929699	-0.0002994354767869973	0.00010334441537984649	-3.6216763779748066e-5	1.278170893858481e-5	-4.512517711049593e-6	1.5836711579149958e-6	-5.486801806429112e-7	1.8600407684653226e-7	-6.088726504015835e-8	1.8806724005757947e-8	-5.218475827466588e-9	1.1227829028561401e-9	-4.249144383702618e-11	-1.5681032172714043e-10	1.4085040188212903e-10	-9.816963868988103e-11	7.251963932722707e-11
0.792030505950201	1.0	0.23459000000000046	-0.03855138935401463	0.009859580081553099	-0.0029698839237685686	0.0009703500876317803	-0.0003319406164367278	0.00011667267421991427	-4.1649274792305644e-5	1.4976705519272693e-5	-5.389207002421625e-6	1.9286511711380624e-6	-6.818456310483545e-7	2.36115663999549e-7	-7.909325003883839e-8	2.5085928647192455e-8	-7.206119461522405e-9	1.6523490421510779e-9	-1.2251041596293376e-10	-1.8994813806067856e-10	1.8748323858832242e-10	-1.36494399419852e-10	1.0347765987564122e-10
0.7911771215731411	1.0	0.237880000000001	-0.039776543430312755	0.01035352989154434	-0.003174420523580069	0.0010558570792568648	-0.0003677508586382283	0.00013163003887384177	-4.786053589626393e-5	1.7534179478462896e-5	-6.430468407838578e-6	2.3465176813482843e-6	-8.464505184700133e-7	2.9938875074760637e-7	-1.0261203301475458e-7	3.340890034082761e-8	-9.926083970557192e-9	2.413825089839182e-9	-2.5717294212154386e-10	-2.2369202807862376e-10	2.4765288185600633e-10	-1.8890430809665215e-10	1.4703015914729515e-10
0.7902949370611342	1.0	0.2411700000000003	-0.04102962880697557	0.01086851686559586	-0.003391645310278239	0.0011483467503742553	-0.00040720168608113737	0.00014841435060539777	-5.49611999202417e-5	2.0513394886221814e-5	-7.666871879568735e-6	2.852504783409134e-6	-1.049836308635399e-6	3.792408672940947e-7	-1.3297470363521946e-7	4.443074581917721e-8	-1.36420374720546e-8	3.5038266729684958e-9	-4.759790869723223e-10	-2.5322237312010794e-10	3.2435142194109453e-10	-2.601809960650288e-10	2.0801875171043235e-10
0.789382380988622	1.0	0.24446000000000032	-0.04231154032230496	0.011405544477107364	-0.003622383328470041	0.001248401201274361	-0.000450666241403831	0.0001672491315502847	-6.30783777864742e-5	2.3983622105070665e-5	-9.134797688819933e-6	3.4650831730534087e-6	-1.3010783414617975e-6	4.799833268914959e-7	-1.7215496598160298e-7	5.901615659326449e-8	-1.871160519072238e-8	5.058023954250096e-9	-8.227363292503269e-10	-2.698455134104184e-10	4.206992201884043e-10	-3.56551890270903e-10	2.93029985555417e-10
0.7884377253410116	1.0	0.24775000000000005	-0.04362325051818864	0.011965696613505702	-0.003867531304526199	0.0013566603612078783	-0.0004985605092671112	0.00018838745071415001	-7.235837095626217e-5	2.802597386137334e-5	-1.0877613787384422e-5	4.206682941821242e-6	-1.6114116177919754e-6	6.070621542787403e-7	-2.2270001340821373e-7	7.830746594581367e-8	-2.5620030571112276e-8	7.2667635914274895e-9	-1.3621573050076176e-9	-2.586679636018783e-10	5.395049609584184e-10	-4.860000401076905e-10	4.1093585247585414e-10
0.7874590632992176	1.0	0.25104000000000043	-0.04496581983783213	0.012550147973659467	-0.0041280668641293095	0.001473829685701607	-0.000551349412610277	0.00021211650268910227	-8.29699378501309e-5	3.273562534682378e-5	-1.2947118300976698e-5	5.104592204129824e-6	-1.9947686860211814e-6	7.673677427561015e-7	-2.8790190511199825e-7	1.0381560060668233e-7	-3.502619213054805e-8	1.0396993675295159e-8	-2.1894308557947056e-9	-1.9504399832874998e-10	6.824630184299353e-10	-6.586015646692801e-10	5.736003144125213e-10
0.7864442828147381	1.0	0.2543299999999993	-0.04634040867208221	0.013160176323037	-0.004405059389779943	0.0016006892331459535	-0.0006095540277922517	0.0002387630620194391	-9.51082202220626e-5	3.8224512785912004e-5	-1.5405315666828606e-5	6.192079605122713e-6	-2.468462173694621e-6	9.696345138341374e-7	-3.7202285069256355e-7	1.3754205841518162e-7	-4.782571169846178e-8	1.48231302328484e-8	-3.444164914345745e-9	-3.9097728737409466e-11	8.486635920732397e-10	-8.867502737266281e-10	7.966851732476557e-10
0.7853910349604065	1.0	0.25761999999999996	-0.047748291687172435	0.013797177037811928	-0.004699682897183736	0.0017381044398858511	-0.0006737601800851833	0.0002687000218220408	-0.00010899949141299762	4.462463253062427e-5	-1.832661562519403e-5	7.509803847769109e-6	-3.0540552020244873e-6	1.224959205746803e-6	-4.805927038019404e-7	1.8214318397048537e-7	-6.523781260177822e-8	2.1070604711006497e-8	-5.330662712056929e-9	2.726043921262914e-10	1.0320642564106365e-9	-1.185206750888249e-9	1.100606051475844e-9
0.784296695740012	1.0	0.26091	-0.04919087499283117	0.014462680493994828	-0.005013231418817392	0.0018870390052069309	-0.0007446287568207882	0.00030235428637948996	-0.00012490693662718996	5.209209994035167e-5	-2.1800572278702946e-5	9.107593920832219e-6	-3.7784775792366568e-6	1.5474765774836978e-6	-6.208038008670703e-7	2.4115247747886446e-7	-8.892542006102113e-8	2.987758760921574e-8	-8.14756249584203e-9	8.398016304590558e-10	1.2171721040163834e-9	-1.570643843081437e-9	1.5114846280378537e-9
0.7831583196293901	1.0	0.2642000000000003	-0.05066971688055432	0.0151583730266175	-0.005347137530821275	0.002048570422164478	-0.0008229081780430853	0.00034021637020034874	-0.00014313774086185285	6.081217802169632e-5	-2.593531882749338e-5	1.1046712077154212e-5	-4.675466099967098e-6	1.955245638945687e-6	-8.020380418418046e-7	3.1928312120281323e-7	-1.211621131121936e-7	4.228290865701702e-8	-1.2331345818980772e-8	1.8180858045379401e-9	1.3717832148043537e-9	-2.060183611451458e-9	2.0618658296489812e-9
0.7819725825561772	1.0	0.26748999999999984	-0.05218655309610384	0.015886122415409848	-0.005702994861766875	0.002223908860710125	-0.0009094496049938727	0.0003828521695861119	-0.00016405185016420186	7.100555577940099e-5	-3.086190679870667e-5	1.3402751137760682e-5	-5.78743590940638e-6	2.4714197050868624e-6	-1.036574930806662e-6	4.228420669187085e-7	-1.6506538313003741e-7	5.975176001398554e-8	-1.8520274173521007e-8	3.448725238750417e-9	1.4350893753377923e-9	-2.6681818666462417e-9	2.7908524663798087e-9
0.7807357112350051	1.0	0.27077999999999974	-0.0537433279365127	0.016648009175222966	-0.006082585703096567	0.0024144203464680327	-0.0010052256620505283	0.00043091753084336797	-0.00018807289759367103	8.293625430185653e-5	-3.6739833576039305e-5	1.6269373820801123e-5	-7.167930965107559e-6	3.1258029425778637e-6	-1.3405498066718068e-6	5.603010201915464e-7	-2.2492498212391885e-7	8.435685142053691e-8	-2.764919695456466e-8	6.1046754541447215e-9	1.2979549276848702e-9	-3.3995545944024085e-9	3.742608501006678e-9
0.7794433946531768	1.0	0.27407000000000004	-0.05534223292287398	0.017446365383728776	-0.006487915237783353	0.002621655512655254	-0.0011113537233370797	0.00048517646267931715	-0.00021570196327398957	9.692167791104868e-5	-4.376414897428366e-5	1.9763182203433148e-5	-8.884860758560684e-6	3.956938525231139e-6	-1.735261173731977e-6	7.430898042394772e-7	-3.0666835976374595e-7	1.1904100910442444e-7	-4.1090661719540494e-8	1.0361502592216901e-8	7.706768983522386e-10	-4.2371811076105554e-9	4.96173921648028e-9
0.7780906718811929	1.0	0.2773599999999997	-0.05698575546356548	0.018283823431803552	-0.006921254473547993	0.002847385682455969	-0.001229125211211418	0.0005465241617532492	-0.0002475350946638252	0.00011334552935929589	-5.2174687180067995e-5	2.4030123193412508e-5	-1.1024817832139153e-5	5.0149369815911174e-6	-2.248971139143763e-6	9.867089081001948e-7	-4.1852643697181225e-7	1.6800128124487758e-7	-6.086685157450685e-8	1.7107695564700073e-8	-4.700612453928372e-10	-5.118582031911697e-9	6.482322299454837e-9
0.7766717879971844	1.0	0.28065000000000057	-0.05867674089480027	0.019163378037749285	-0.007385194800495216	0.003093648740939761	-0.0013600429332580341	0.0006160164912522597	-0.0002842858900456076	0.00013267460490561618	-6.226820026502629e-5	2.925401070178797e-5	-1.3698900991630177e-5	6.365348511360273e-6	-2.9194109054155302e-6	1.312305309530697e-6	-5.719949590906973e-7	2.3725557953773352e-7	-8.997012514713138e-8	2.7716900976753162e-8	-2.968086781720591e-9	-5.894222325100985e-9	8.3053929753985e-9
0.7751800063263677	1.0	0.28394000000000036	-0.06041847274179733	0.020088466296466306	-0.007882718339246118	0.0033628083047166847	-0.0015058693510732865	0.0006949082576246196	-0.0003268150139593552	0.00015548093221332788	-7.441451733174412e-5	3.566801135732881e-5	-1.7050669166795032e-5	8.094530616351546e-6	-3.7973099809462576e-6	1.7489312369723484e-6	-7.832390281757551e-7	3.3548833963940744e-7	-1.328534072508343e-7	4.431987643687446e-8	-7.631436949768136e-9	-6.253076121711239e-9	1.035451607294458e-8
0.7736073596747739	1.0	0.28722999999999926	-0.06221477827569618	0.021063072723455853	-0.008417290151823464	0.0036576313018845718	-0.001668689999985302	0.0007847037106594124	-0.0003761693811807772	0.00018247140162839436	-8.90783900659153e-5	4.357035285660835e-5	-2.1267162091798098e-5	1.0317192970908956e-5	-4.9514351378588275e-6	2.336824295614392e-6	-1.0751705778784305e-6	4.7532693693322994e-7	-1.9618769729177609e-7	7.023672842811698e-8	-1.5969941840003872e-8	-5.59207851705821e-9	1.239249160197477e-8
0.7719443145059767	1.0	0.29052	-0.06407016995502257	0.02209186969541819	-0.008992981383039465	0.003981391595670092	-0.0018509983630822953	0.0008872243919631682	-0.0004336351145226353	0.0002145281290363353	-0.00010684953787152078	5.334617227489743e-5	-2.6594424272846083e-5	1.3187175296438753e-5	-6.475899430699857e-6	3.132244697409242e-6	-1.4805675209348825e-6	6.75296293688288e-7	-2.9004841185636295e-7	1.1067264977961197e-7	-3.049198929493052e-8	-2.786581515739065e-9	1.3866994567144366e-8
0.770179307799497	1.0	0.29380999999999924	-0.065990039034015	0.023180409260315456	-0.009614637245654952	0.004338011362256808	-0.002055811875094875	0.0010047022097821167	-0.0005008106018205903	0.000252764556723775	-0.0001284847956590085	6.549849879714724e-5	-3.3359790741431294e-5	1.6913130923298426e-5	-8.500956113215586e-6	4.214733420846229e-6	-2.0468347597380355e-6	9.628583050993652e-7	-4.29798835140234e-7	1.7384994609110067e-7	-5.53707362997657e-8	4.211166586255304e-9	1.3630067305994118e-8
0.7682980924083884	1.0	0.29709999999999964	-0.0679809271607474	0.024335391615720868	-0.010288111869425454	0.004732258753954291	-0.0022868343755165425	0.001139910230193831	-0.0005797097030904137	0.0002986052730993948	-0.00015496861277527633	8.069319024910035e-5	-4.200459261197561e-5	2.178184514813828e-5	-1.1209275952116235e-5	5.698225340937938e-6	-2.843413383137141e-6	1.3792253247428873e-6	-6.391309883962761e-7	2.7287709999882057e-7	-9.757506500142385e-8	1.9077396557113762e-8	9.430356399585381e-9
0.7662827849236381	1.0	0.3003899999999995	-0.07005091838201598	0.025565051760557365	-0.01102060611604298	0.0051700322267012756	-0.0025486901384267255	0.0012963516972435373	-0.0006729116489143526	0.00035390272405769484	-0.00018760225610687576	9.982584643153615e-5	-5.31334061269103e-5	2.8193786031905596e-5	-1.4861098200214679e-5	7.748468056405374e-6	-3.9735709570542685e-6	1.987143681105891e-6	-9.550686295886695e-7	4.288844189155121e-7	-1.688115007023604e-7	4.83612643555096e-8	-3.0029471540153222e-9
0.7641104337637062	1.0	0.3036799999999997	-0.07221022409164682	0.026879735220504557	-0.01182116999843625	0.005658783399992119	-0.002847272406174276	0.001478542368293752	-0.0007837859777472446	0.00042111345167103974	-0.00022813956899541055	0.00012412459133719303	-6.759050039563982e-5	3.671893135079858e-5	-1.9834221650016775e-5	1.0611085916220123e-5	-5.5936603183174186e-6	2.883790723343639e-6	-1.436382635606739e-6	6.763853536268642e-7	-2.8890683402853576e-7	1.0369767964025104e-7	-3.1615538496675876e-8
0.7617507789432192	1.0	0.30697	-0.0744720908707348	0.028292789753380843	-0.012701480001101096	0.006208171282228565	-0.003190283312643333	0.0016924490860073227	-0.0009168434430355475	0.0005035746289252823	-0.0002790015375614315	0.0001553139148233197	-8.65828863892944e-5	4.8187586736299226e-5	-2.668980411351265e-5	1.4658306395210082e-5	-7.945578214669256e-6	4.222781900627724e-6	-2.178132571747368e-6	1.0726628287017073e-6	-4.918143563643518e-7	2.057947889835347e-7	-9.104398808953482e-8
0.759162578012489	1.0	0.31025999999999987	-0.07685427696768518	0.02982201289555387	-0.01367709978402379	0.006831123428042629	-0.0035881107433398856	0.001946203866605481	-0.0010783096192793738	0.0006059584998885988	-0.0003436312314599603	0.00019588781574345104	-0.0001118872564120389	6.384458180809952e-5	-3.628521002395787e-5	2.0469930157100096e-5	-1.1413598146744496e-5	6.253098311414797e-6	-3.3376438570713072e-6	1.7146980801297209e-6	-8.365484868952053e-7	3.9175806983090506e-7	-2.0818913827220477e-7
0.7562872274199288	1.0	0.31354999999999955	-0.07938159287302282	0.03149213887829829	-0.014769644792766958	0.007545658523839225	-0.004055336426149277	0.002251335104682827	-0.0012771175369342659	0.0007350626254503457	-0.0004271147183316355	0.0002495909533053247	-0.0001462173502217124	8.562529544084111e-5	-4.9977777804059386e-5	2.8980820862772222e-5	-1.6628778540606214e-5	9.391175163386339e-6	-5.1829620602784885e-6	2.7709437597345364e-6	-1.4278107458908072e-6	7.289561358895571e-7	-4.327866815594007e-7
0.7530368878196493	1.0	0.31684000000000045	-0.08209058470679811	0.03333941818610017	-0.016010768029025204	0.00837824502413332	-0.004613519673662169	0.002625046168608997	-0.0015267513567710155	0.0009012843320281785	-0.0005373458777262887	0.00032232687585857133	-0.00019392212267592169	0.00011668400822128244	-7.001772165856906e-5	4.176733928927952e-5	-2.4673096413068934e-5	1.436268280899945e-5	-8.188604215174245e-6	4.544308076518103e-6	-2.4569210003513693e-6	1.3425077973674836e-6	-8.58320199395238e-7
0.7492703623165068	1.0	0.32012999999999936	-0.08503894127104629	0.03542081319225805	-0.01745016990576893	0.009370561664003673	-0.005296813947769154	0.0030948270302640296	-0.001848992100969585	0.001121629928975199	-0.0006874160143941308	0.0004240318934963826	-0.00026243497570845	0.0001624975019692374	-0.00010037390038310477	6.16528909229342e-5	-3.7513274686287596e-5	2.2505128350888605e-5	-1.3240497726859516e-5	7.607070043267247e-6	-4.289331748076707e-6	2.473783850269989e-6	-1.6663140437309865e-6
0.7447383238439038	1.0	0.32342000000000015	-0.08832656431716404	0.0378346140480187	-0.019173597180855765	0.010594736227124164	-0.0061646740985551556	0.0037089321665703286	-0.0022824684295492713	0.0014266196302683755	-0.0009011273127270595	0.0005730235501025209	-0.0003656566306404731	0.0002334561852080426	-0.00014868346710466998	9.414492980840956e-5	-5.9034748894719544e-5	3.649138456721115e-5	-2.2126789046431205e-5	1.3123782110646957e-5	-7.673311120595022e-6	4.6189580285624925e-6	-3.230515728193261e-6
0.7389399427879096	1.0	0.32671	-0.09214972853268866	0.04077360431409866	-0.02134949923655046	0.012193084581099101	-0.007335208539709801	0.004564067585516544	-0.002905408400747318	0.0018787895478220705	-0.001227870680433758	0.000807816679788932	-0.0005332096276901542	0.0003519981682055218	-0.00023165151620108804	0.00015143547722166413	-9.793231276534568e-5	6.235833947334267e-5	-3.891551400979097e-5	2.3756347729457595e-5	-1.4322008742997685e-5	8.912158033706274e-6	-6.402547615240773e-6
